2 0.894094 0.661656 0.139406 0.158938
0 0.039188 0.583813 0.078375 0.273000
0 0.732258 0.585573 0.088047 0.258813
0 0.791672 0.602177 0.068437 0.278396
0 0.966266 0.648875 0.049188 0.158625
0 0.218695 0.471344 0.028078 0.040937
0 0.304422 0.473646 0.014531 0.040167
0 0.529469 0.529146 0.019969 0.049333
0 0.584953 0.529302 0.022219 0.041979
0 0.548492 0.534031 0.023422 0.048771
0 0.277266 0.475406 0.032063 0.033563
0 0.677492 0.617458 0.055391 0.157708
0 0.234203 0.479333 0.016063 0.024208
2 0.716352 0.644813 0.115672 0.161083