4 0.794542 0.713359 0.341958 0.299563
4 0.632198 0.546102 0.119771 0.052266
4 0.106469 0.401766 0.076854 0.091750
2 0.203531 0.388531 0.101562 0.089281
0 0.460396 0.478961 0.239167 0.683859
0 0.239990 0.337688 0.085062 0.084000
0 0.107583 0.317648 0.018750 0.040516
0 0.141063 0.320992 0.059708 0.064359
0 0.338240 0.303219 0.035771 0.089406
0 0.983573 0.421117 0.032854 0.223328
4 0.255000 0.357758 0.057917 0.044984
0 0.603167 0.300867 0.076167 0.068391
4 0.644448 0.512883 0.092437 0.038016
4 0.376458 0.638703 0.165042 0.243156
0 0.716260 0.394148 0.047313 0.176609
1 0.183667 0.298227 0.080083 0.028891
1 0.186125 0.283844 0.075583 0.022375