2 0.298945 0.631831 0.083797 0.206105
0 0.361375 0.582776 0.067031 0.349215
0 0.381453 0.460451 0.043625 0.176424
0 0.216273 0.560988 0.089328 0.292442
0 0.224438 0.431497 0.030531 0.121308
0 0.243180 0.438648 0.019328 0.108576
0 0.286688 0.467427 0.037375 0.163401
0 0.122055 0.523953 0.061297 0.285116
0 0.935617 0.524360 0.051266 0.149360
0 0.904156 0.478605 0.043062 0.155698
0 0.316102 0.550625 0.043047 0.343866
0 0.254758 0.541773 0.038422 0.247326
0 0.154344 0.500785 0.057969 0.261453
0 0.331086 0.429651 0.022703 0.059419
0 0.592187 0.526163 0.784375 0.348837