0 0.694131 0.363289 0.597136 0.691141
0 0.207265 0.627172 0.351338 0.407406
0 0.818040 0.453281 0.119178 0.102469
0 0.106197 0.516437 0.071408 0.070500
4 0.818122 0.698672 0.188920 0.116250
4 0.024554 0.652297 0.049108 0.057094
4 0.088967 0.589672 0.119014 0.027187
4 0.072923 0.582844 0.143498 0.042594
4 0.396221 0.595453 0.073427 0.139969
0 0.038275 0.512328 0.043404 0.058344
6 0.915481 0.804625 0.151620 0.131094
6 0.950070 0.681813 0.099859 0.154812
6 0.041056 0.556672 0.026479 0.016438
6 0.057171 0.543430 0.015704 0.014641