6 0.128234 0.661692 0.018875 0.052239
0 0.681055 0.585398 0.088922 0.424726
0 0.484430 0.567450 0.045578 0.142164
0 0.541188 0.655933 0.121656 0.298333
0 0.578508 0.526356 0.063578 0.235448
0 0.402859 0.465821 0.021500 0.049502
0 0.220195 0.512960 0.061703 0.075025
0 0.471828 0.473333 0.038031 0.068706
0 0.871359 0.754502 0.257281 0.385124
0 0.423383 0.503197 0.056109 0.097587
0 0.190180 0.579664 0.105078 0.166144
0 0.360438 0.509216 0.035250 0.091169
3 0.177937 0.634303 0.016594 0.113831
3 0.438617 0.609179 0.017516 0.119254
3 0.203305 0.634851 0.016516 0.110547
3 0.460477 0.607289 0.010359 0.112886
3 0.449922 0.612090 0.015719 0.100000
3 0.788484 0.901169 0.039906 0.169403
3 0.814711 0.890062 0.027234 0.215945
3 0.869461 0.898458 0.037609 0.203085
3 0.838500 0.918557 0.038531 0.162886
3 0.104516 0.944963 0.020969 0.110075
3 0.263141 0.537724 0.007594 0.061567
3 0.386047 0.529963 0.009938 0.063308
6 0.027828 0.663706 0.018094 0.049154
6 0.422875 0.663818 0.014469 0.037488
0 0.275234 0.507973 0.050469 0.092861
3 0.191328 0.637214 0.013875 0.114925
0 0.090563 0.593184 0.095406 0.160945
3 0.439844 0.691542 0.842187 0.611940
0 0.353125 0.493781 0.393750 0.126866