0 0.229539 0.848281 0.190016 0.286979
0 0.586437 0.901104 0.032844 0.138833
0 0.349461 0.907813 0.077609 0.179167
0 0.712617 0.927052 0.051016 0.117979
0 0.860531 0.936781 0.063813 0.122271
0 0.090164 0.894385 0.038766 0.112354
0 0.987969 0.921604 0.024062 0.141792
1 0.535477 0.859010 0.069578 0.048854
1 0.757320 0.875219 0.020859 0.018021
0 0.915531 0.920490 0.070625 0.159021
0 0.149281 0.903229 0.038719 0.137167
2 0.398320 0.908135 0.038328 0.052396
2 0.466234 0.895865 0.043219 0.054021
1 0.673937 0.870052 0.008844 0.018562
0 0.824258 0.893292 0.016703 0.072042
1 0.634516 0.865250 0.054781 0.039167