2 0.667258 0.775492 0.081516 0.165457
1 0.302680 0.754321 0.415547 0.243536
1 0.852016 0.707787 0.295969 0.316511
1 0.890484 0.615527 0.122500 0.105293
1 0.030672 0.752073 0.061344 0.121054
1 0.721297 0.607061 0.040563 0.058197
0 0.228648 0.735386 0.163422 0.382014
0 0.550000 0.716066 0.107469 0.348431
0 0.665672 0.681030 0.084719 0.303841
0 0.816453 0.600340 0.085156 0.168314
0 0.744398 0.631710 0.036172 0.130351
0 0.115031 0.718595 0.043062 0.124543
0 0.586734 0.554040 0.045562 0.057916
0 0.304164 0.706159 0.039172 0.069040
0 0.377109 0.694602 0.060719 0.065831
2 0.155000 0.896733 0.310000 0.206534
2 0.744820 0.668993 0.012953 0.059906
2 0.118758 0.735105 0.032078 0.075504
1 0.752406 0.626124 0.049438 0.068361
1 0.139516 0.733115 0.027625 0.088618
1 0.696703 0.634122 0.040438 0.075035
0 0.915250 0.556230 0.015625 0.023419
2 0.840828 0.645363 0.035594 0.045152
2 0.551758 0.802061 0.127484 0.256628