3 0.438117 0.571823 0.036297 0.082104
4 0.902867 0.816094 0.194266 0.314396
4 0.884656 0.404135 0.109187 0.106188
4 0.722898 0.368281 0.090484 0.110729
4 0.428875 0.454177 0.085187 0.154229
4 0.849312 0.281042 0.046219 0.091958
4 0.831891 0.179156 0.018125 0.030354
5 0.272305 0.628552 0.260391 0.231771
5 0.720977 0.266802 0.087609 0.080687
5 0.687258 0.888958 0.299234 0.177917
5 0.734836 0.438677 0.139797 0.045687
5 0.976930 0.356938 0.046141 0.032167
0 0.533430 0.511979 0.281453 0.561792
0 0.271961 0.441448 0.290547 0.389646
0 0.382492 0.259646 0.175047 0.236917
0 0.330008 0.129167 0.078766 0.248625
0 0.134375 0.203813 0.173437 0.391667
0 0.631664 0.216802 0.139516 0.370271
0 0.777273 0.129135 0.105984 0.200813
0 0.948031 0.171917 0.099437 0.339333
0 0.508977 0.114281 0.073359 0.226938
0 0.195891 0.332750 0.174000 0.223958
0 0.063203 0.178656 0.119656 0.357312
0 0.251922 0.160844 0.076000 0.125188
6 0.502961 0.875052 0.073391 0.141021
4 0.709313 0.667063 0.134375 0.383958
4 0.570055 0.215302 0.037266 0.053562
5 0.916930 0.475031 0.159203 0.129104
4 0.554812 0.204073 0.028937 0.046312
4 0.579984 0.171719 0.030625 0.036854
4 0.018680 0.287073 0.037359 0.127438
4 0.486102 0.269469 0.052047 0.081187
0 0.219531 0.092698 0.065687 0.139521
4 0.922352 0.296156 0.093984 0.081312
5 0.061445 0.426510 0.066141 0.104021
5 0.430797 0.328229 0.074594 0.033167
5 0.365258 0.296635 0.093984 0.034312
5 0.453141 0.191302 0.049625 0.067896
5 0.866852 0.161896 0.040766 0.037792
0 0.471875 0.113542 0.937500 0.227083