1 0.680906 0.711499 0.137437 0.147354
1 0.532453 0.694075 0.144781 0.159625
1 0.394250 0.696276 0.130500 0.134754
1 0.266641 0.695691 0.165281 0.124169
1 0.123656 0.691663 0.167719 0.127869
1 0.794172 0.691159 0.132062 0.118431
0 0.486734 0.620621 0.011781 0.026674
0 0.472312 0.617201 0.011156 0.027611
0 0.395484 0.612974 0.011844 0.032272
1 0.633391 0.691909 0.075969 0.148080
1 0.026742 0.691054 0.053484 0.088618
1 0.943586 0.653548 0.112828 0.092576
1 0.091453 0.650597 0.087906 0.056557
0 0.490008 0.623372 0.016422 0.022389
1 0.033906 0.652073 0.063531 0.044754
1 0.462414 0.644274 0.033266 0.033044