4 0.142930 0.823358 0.282820 0.316030
4 0.933490 0.700179 0.133020 0.289791
4 0.916070 0.635776 0.101380 0.232806
4 0.810460 0.605030 0.078160 0.138776
0 0.441440 0.659254 0.327680 0.681493
6 0.567450 0.712537 0.049620 0.045075
6 0.974450 0.611567 0.034500 0.028090
4 0.268060 0.562015 0.078000 0.062597
4 0.815290 0.734836 0.067740 0.283164
4 0.202750 0.642030 0.058660 0.145313
0 0.648490 0.649373 0.357340 0.676537
6 0.475180 0.705373 0.064280 0.052836
4 0.032340 0.675478 0.061960 0.143970
4 0.054180 0.590090 0.101960 0.074746