3 0.704867 0.133653 0.066516 0.211148
0 0.506820 0.512471 0.668703 0.975059
0 0.518203 0.267260 0.225094 0.531569
0 0.921422 0.056417 0.157156 0.111429
6 0.913273 0.125585 0.069766 0.132623
6 0.812180 0.218536 0.040953 0.081288
5 0.824219 0.488232 0.266594 0.538478
4 0.177664 0.397752 0.121453 0.260656
4 0.583250 0.068232 0.110375 0.132108
4 0.550930 0.510597 0.089078 0.096230
5 0.628359 0.126358 0.081594 0.228970
5 0.961938 0.155480 0.076125 0.240796
5 0.813719 0.082951 0.168437 0.141499
4 0.283211 0.945609 0.109766 0.108782