2 0.665320 0.374188 0.046766 0.077417
2 0.896484 0.324875 0.105906 0.157000
2 0.406250 0.379094 0.045437 0.074146
2 0.492242 0.352448 0.115172 0.108062
2 0.713531 0.371573 0.056656 0.068812
0 0.234531 0.569760 0.146469 0.499063
0 0.253148 0.346635 0.063516 0.096188
2 0.617156 0.374208 0.531281 0.080375
2 0.543141 0.369417 0.042250 0.077833
2 0.743906 0.340885 0.039094 0.127771
2 0.641094 0.378167 0.027094 0.059125
2 0.673477 0.360635 0.042484 0.094396
2 0.585891 0.346552 0.073906 0.126229
2 0.242188 0.536458 0.134375 0.447917