1 0.583695 0.637017 0.106859 0.065048
1 0.932977 0.642246 0.131078 0.069710
0 0.454758 0.718756 0.073109 0.273792
0 0.742070 0.629746 0.019547 0.079686
0 0.711984 0.623527 0.016719 0.080918
0 0.789313 0.624698 0.014031 0.073261
0 0.778773 0.760580 0.081828 0.275894
1 0.533969 0.603732 0.033906 0.038671
0 0.836891 0.644577 0.013719 0.075725
0 0.670234 0.599722 0.007000 0.037512
0 0.503844 0.593949 0.014125 0.023309
0 0.487812 0.589130 0.007281 0.021208
1 0.619563 0.614553 0.043219 0.051957
0 0.761250 0.619505 0.011406 0.067029
0 0.513742 0.588961 0.008203 0.014734
1 0.497563 0.608357 0.032063 0.037391