3 0.545656 0.714788 0.010250 0.040896
1 0.821313 0.633113 0.034000 0.036698
1 0.772102 0.629222 0.031516 0.041840
1 0.721406 0.622925 0.020750 0.021557
1 0.686719 0.622229 0.029812 0.022901
0 0.910195 0.797300 0.128328 0.385118
0 0.051953 0.772653 0.097750 0.421580
0 0.689117 0.666403 0.031609 0.090542
0 0.971953 0.761509 0.056094 0.322830
0 0.939891 0.631969 0.011062 0.056533
0 0.673867 0.637665 0.011703 0.027406
0 0.959258 0.631167 0.013859 0.047524
0 0.517672 0.604210 0.018375 0.077241
1 0.792539 0.630153 0.018953 0.033703
3 0.535133 0.734776 0.010797 0.067524
0 0.712117 0.812807 0.133578 0.374387
0 0.836953 0.749104 0.056437 0.240708
0 0.707430 0.665896 0.016641 0.086132
0 0.759523 0.668679 0.026734 0.123019