0 0.437328 0.969110 0.010719 0.021639
0 0.108898 0.981089 0.015953 0.037822
0 0.667008 0.966499 0.018891 0.065785
0 0.227102 0.985913 0.012828 0.027892
0 0.095516 0.924286 0.010594 0.027166
0 0.157234 0.977869 0.037062 0.044262
0 0.090352 0.972201 0.020078 0.049368
0 0.488453 0.909169 0.004562 0.019133
0 0.457391 0.888829 0.005812 0.016300
1 0.335758 0.977986 0.045578 0.042623
1 0.355195 0.927705 0.015391 0.027822
1 0.453281 0.910375 0.019437 0.029133
1 0.927773 0.958244 0.054453 0.044122
1 0.337719 0.947681 0.027969 0.028478
0 0.287500 0.984824 0.009125 0.030351
1 0.354391 0.908056 0.018875 0.017705
1 0.355773 0.892482 0.017391 0.015176
1 0.361281 0.881874 0.012687 0.012412
1 0.364156 0.866194 0.012625 0.016792
1 0.379914 0.830749 0.010391 0.012646
1 0.970227 0.961054 0.059547 0.058314
1 0.347625 0.935585 0.027094 0.035714
0 0.438289 0.989719 0.011141 0.020562
0 0.106086 0.923888 0.015578 0.032927
1 0.366625 0.847190 0.008719 0.017143
1 0.447656 0.862998 0.132812 0.185012