2 0.544344 0.530855 0.077094 0.274871
2 0.484570 0.759707 0.060391 0.418103
2 0.268289 0.873290 0.195953 0.253419
2 0.877258 0.790995 0.245484 0.390562
1 0.910664 0.431991 0.178016 0.193911
0 0.280086 0.423536 0.115609 0.380375
0 0.205406 0.629953 0.323844 0.707869
0 0.447180 0.588536 0.166359 0.616276
0 0.392289 0.387588 0.060359 0.288244
0 0.557984 0.419508 0.104719 0.338548
0 0.688484 0.317728 0.087063 0.164637
0 0.835617 0.616557 0.216109 0.766885
0 0.683680 0.539321 0.146922 0.426979
0 0.919719 0.449040 0.088656 0.323138
0 0.647836 0.491511 0.134016 0.420539
0 0.326156 0.433044 0.046938 0.314848
1 0.620148 0.405527 0.028359 0.024918
0 0.039125 0.397822 0.062687 0.260328
2 0.674000 0.726253 0.179719 0.311148
2 0.368133 0.542494 0.039672 0.131077
2 0.501727 0.702354 0.020484 0.104520
2 0.968055 0.651850 0.063891 0.264122
0 0.483766 0.339918 0.047781 0.132014