1 0.244617 0.628578 0.470016 0.303111
1 0.612320 0.548731 0.083672 0.104790
1 0.643398 0.522605 0.073891 0.069523
1 0.687320 0.530496 0.035516 0.069427
1 0.063156 0.504027 0.096906 0.084122
1 0.383016 0.519160 0.092188 0.075305
1 0.427320 0.506775 0.067109 0.057328
0 0.919172 0.513798 0.024594 0.054962
0 0.887711 0.522185 0.037422 0.083073
0 0.759695 0.516279 0.010578 0.045382
0 0.817344 0.502166 0.012281 0.041698
0 0.845844 0.509971 0.012156 0.039332
1 0.706430 0.521527 0.025297 0.045496
1 0.695000 0.498511 0.046812 0.034198
1 0.058992 0.576450 0.090297 0.086641
1 0.513234 0.563893 0.194594 0.154885