2 0.464695 0.795063 0.085641 0.339708
2 0.718297 0.590010 0.028500 0.093646
2 0.637969 0.631021 0.060656 0.138792
0 0.526875 0.612333 0.076563 0.256333
0 0.627078 0.556594 0.063438 0.161562
0 0.639531 0.504906 0.017281 0.042146
0 0.706898 0.482833 0.009484 0.024542
0 0.892414 0.564042 0.112922 0.188750
0 0.412344 0.700615 0.127094 0.455687
0 0.792578 0.594604 0.077938 0.179750
0 0.951227 0.580198 0.030547 0.128646
0 0.089008 0.702833 0.116453 0.272958
0 0.683859 0.602365 0.047594 0.224937
0 0.024070 0.609875 0.040734 0.345667
0 0.583336 0.509802 0.040047 0.091979
2 0.950687 0.592333 0.022812 0.096625
0 0.490430 0.502260 0.018078 0.035438
2 0.729805 0.567635 0.021672 0.050312
2 0.542219 0.724125 0.124063 0.235417
0 0.506250 0.702083 0.984375 0.591667