0 0.966461 0.633791 0.067078 0.212840
0 0.982594 0.553134 0.030750 0.067817
0 0.904734 0.561948 0.017313 0.089484
0 0.111281 0.589871 0.021688 0.042981
0 0.805945 0.608028 0.024953 0.113803
1 0.753070 0.587477 0.052359 0.078662
1 0.301391 0.621561 0.074969 0.080352
1 0.176531 0.629448 0.115312 0.104202
1 0.376859 0.606291 0.059844 0.076291
1 0.445977 0.602617 0.039109 0.046408
1 0.361984 0.635962 0.720969 0.152817
1 0.552859 0.575364 0.038719 0.048803
1 0.466172 0.593357 0.035813 0.053803
1 0.500430 0.592899 0.037484 0.039225
1 0.578391 0.575317 0.016188 0.035423
0 0.957812 0.544824 0.005906 0.015094
0 0.846797 0.662148 0.039062 0.252042
0 0.826406 0.619484 0.022625 0.132864