4 0.676703 0.585115 0.044531 0.147771
4 0.630070 0.595187 0.023109 0.119708
0 0.463219 0.382604 0.316500 0.603292
0 0.119664 0.380906 0.239328 0.685396
0 0.369711 0.342521 0.397484 0.679125
0 0.853836 0.447510 0.292328 0.683979
0 0.074148 0.169021 0.047141 0.127333
0 0.041602 0.155635 0.054297 0.134979
6 0.101758 0.665823 0.086672 0.221104
6 0.190875 0.938240 0.143375 0.123521
6 0.979656 0.684323 0.040625 0.169021
6 0.981062 0.909969 0.036031 0.179729
4 0.678438 0.413250 0.054688 0.243917
4 0.234547 0.662375 0.090969 0.123250
0 0.763477 0.331458 0.161797 0.375292
0 0.194445 0.395979 0.151484 0.603083