1 0.206740 0.585391 0.413479 0.429219
1 0.295344 0.391203 0.238812 0.107469
1 0.338292 0.349906 0.176500 0.093344
1 0.568573 0.326055 0.049104 0.034078
1 0.437948 0.326484 0.021729 0.019938
0 0.620437 0.559500 0.274417 0.492156
0 0.065188 0.358883 0.029667 0.047766
0 0.089490 0.352727 0.032604 0.056172
0 0.117531 0.356867 0.043146 0.043422
0 0.160823 0.352664 0.044729 0.053422
0 0.122552 0.323797 0.012063 0.018094
0 0.105792 0.328992 0.020625 0.024016
0 0.206167 0.332391 0.024750 0.031719
0 0.071490 0.333211 0.024104 0.026266
0 0.191990 0.331937 0.021813 0.038781
0 0.169917 0.330242 0.027583 0.030766
0 0.054333 0.337539 0.019542 0.030266