2 0.629492 0.751898 0.027641 0.090370
2 0.168859 0.777153 0.027594 0.135602
1 0.889391 0.786898 0.126312 0.222037
1 0.771898 0.571019 0.053266 0.076852
1 0.924648 0.573704 0.049203 0.070463
1 0.899875 0.560347 0.028875 0.055694
0 0.424805 0.554074 0.010734 0.061852
0 0.437812 0.570833 0.011406 0.092778
0 0.480031 0.549792 0.004687 0.067269
0 0.484063 0.555301 0.006063 0.063102
2 0.543953 0.829907 0.033781 0.215000
2 0.511688 0.805301 0.033313 0.184306
2 0.212914 0.790000 0.036797 0.116204
2 0.519156 0.858148 0.015000 0.128611
2 0.349078 0.727500 0.053219 0.123981
2 0.188891 0.789213 0.022344 0.092870
2 0.148031 0.766134 0.021438 0.098009
2 0.485680 0.829653 0.016797 0.100880
2 0.461383 0.785671 0.032484 0.102546
2 0.567727 0.809398 0.021922 0.161944
1 0.945563 0.863333 0.108875 0.273333
1 0.783945 0.605440 0.064984 0.078380
1 0.819570 0.515995 0.032953 0.031157
1 0.757703 0.555347 0.031156 0.048843
1 0.944805 0.591204 0.031359 0.058056
0 0.467758 0.570718 0.004516 0.090880
0 0.662805 0.573148 0.005422 0.036204
2 0.491508 0.736134 0.033203 0.110787
1 0.725719 0.511065 0.030031 0.040370
2 0.368750 0.638889 0.559375 0.342593