6 0.339609 0.670792 0.048875 0.128083
0 0.342977 0.417979 0.318547 0.534833
0 0.117133 0.619104 0.234266 0.604500
0 0.261969 0.176542 0.053000 0.153208
0 0.566016 0.253771 0.133937 0.250292
0 0.830313 0.453146 0.166844 0.487375
0 0.858992 0.600000 0.282016 0.597750
0 0.440484 0.322604 0.140219 0.280458
0 0.405336 0.149438 0.109547 0.298875
0 0.135508 0.303490 0.224859 0.376604
3 0.424234 0.595187 0.041469 0.157417
6 0.743898 0.328062 0.026641 0.063917
6 0.695125 0.421604 0.032250 0.075542
6 0.417633 0.558292 0.043141 0.096000
6 0.626539 0.236604 0.029203 0.033500
6 0.500430 0.452021 0.017984 0.080542
3 0.194203 0.203281 0.020094 0.046854
6 0.636492 0.362813 0.046828 0.120458
6 0.497422 0.539021 0.021125 0.103875
6 0.512414 0.763385 0.057266 0.131438