6 0.959672 0.341323 0.034563 0.032896
5 0.269016 0.183688 0.044969 0.040208
0 0.895781 0.444948 0.203938 0.889896
0 0.688227 0.085396 0.034297 0.062458
0 0.315508 0.160865 0.046297 0.082312
0 0.349180 0.154188 0.050484 0.085375
0 0.727242 0.479781 0.190453 0.950562
0 0.115164 0.167906 0.039828 0.054813
0 0.862383 0.137823 0.034734 0.051813
0 0.418938 0.158594 0.046312 0.086896
0 0.289203 0.162094 0.020750 0.068812
0 0.021656 0.178219 0.022281 0.085521
0 0.820375 0.344448 0.107406 0.604938
0 0.060883 0.164771 0.053234 0.088500
0 0.366156 0.165865 0.035750 0.072646
6 0.325688 0.169885 0.010344 0.023479