1 0.659164 0.673556 0.105516 0.139507
1 0.595984 0.501080 0.038219 0.046573
1 0.147664 0.863181 0.295328 0.273638
1 0.564398 0.498721 0.028047 0.037911
0 0.286961 0.660282 0.045297 0.117324
0 0.300586 0.531362 0.013359 0.060798
0 0.503586 0.588826 0.029703 0.086667
0 0.721852 0.593169 0.021641 0.123756
0 0.593750 0.611901 0.028406 0.113521
0 0.576352 0.515669 0.013359 0.032418
0 0.578117 0.569272 0.018516 0.087324
1 0.257937 0.619812 0.073750 0.099014
0 0.349141 0.510775 0.015844 0.056667
1 0.540703 0.445669 0.019062 0.026033
1 0.518891 0.440927 0.018344 0.021667