1 0.018289 0.571378 0.032797 0.289551
0 0.197078 0.570534 0.022375 0.097265
0 0.168055 0.576026 0.032047 0.090812
0 0.109563 0.587543 0.039563 0.108205
0 0.078359 0.581132 0.034156 0.090043
0 0.061469 0.573932 0.018156 0.098205
0 0.454578 0.212276 0.040938 0.054124
2 0.841508 0.846143 0.161797 0.307714
0 0.659414 0.256677 0.037328 0.051474
0 0.673664 0.535737 0.036953 0.053825
0 0.134773 0.582457 0.040078 0.106880
0 0.326477 0.508162 0.100828 0.106966
0 0.962484 0.662949 0.061844 0.249658
2 0.882797 0.751239 0.076313 0.141709
0 0.583414 0.240791 0.050703 0.056966
0 0.387219 0.214316 0.030562 0.027607
0 0.541406 0.472222 0.914062 0.547009