0 0.198406 0.485062 0.130750 0.217917
0 0.425969 0.486854 0.095625 0.143625
0 0.819641 0.485948 0.028125 0.045812
0 0.824437 0.816167 0.351125 0.334833
0 0.765820 0.456406 0.061109 0.133813
0 0.841437 0.515812 0.107313 0.160625
0 0.070055 0.504042 0.140109 0.151583
0 0.480563 0.466240 0.083594 0.126188
6 0.834937 0.637229 0.038375 0.053375
6 0.424641 0.756615 0.053312 0.092521
6 0.922531 0.585573 0.016344 0.043229
6 0.232602 0.576052 0.024203 0.020813
4 0.353086 0.652438 0.166859 0.096625
4 0.570500 0.638198 0.102813 0.076396
4 0.703039 0.610437 0.081453 0.058917
4 0.760664 0.593698 0.070172 0.050979
4 0.829641 0.584177 0.050094 0.045104
4 0.884117 0.565729 0.038953 0.054917
4 0.920609 0.558885 0.031094 0.051562
4 0.089898 0.611698 0.092172 0.129354
4 0.448891 0.624177 0.078938 0.097854
4 0.623812 0.607344 0.064125 0.069313
4 0.643906 0.596792 0.038719 0.083250
0 0.327547 0.541021 0.159250 0.350625
0 0.541180 0.542385 0.138109 0.249687
0 0.687391 0.509885 0.121438 0.168188
0 0.447172 0.478146 0.030562 0.043292
0 0.571766 0.456115 0.032406 0.066854
0 0.564063 0.462500 0.868750 0.641667