4 0.766867 0.913479 0.101172 0.169167
4 0.593828 0.722740 0.044031 0.039438
4 0.838609 0.895000 0.135063 0.210000
4 0.556867 0.935448 0.109234 0.129104
4 0.540320 0.723792 0.038703 0.066667
4 0.672102 0.685844 0.079953 0.061979
4 0.690414 0.693583 0.046141 0.029458
6 0.567336 0.842562 0.025578 0.029958
6 0.357180 0.901844 0.028484 0.035062
6 0.364883 0.821448 0.022578 0.026271
6 0.259023 0.900500 0.021484 0.033125
0 0.533070 0.533938 0.036828 0.075708
0 0.729336 0.530375 0.030203 0.055125
0 0.836102 0.574260 0.054703 0.150771
0 0.773828 0.639604 0.071406 0.094750
0 0.388508 0.746427 0.124609 0.154729
0 0.496719 0.621812 0.051812 0.065917
0 0.429250 0.638844 0.071281 0.077937
0 0.497781 0.718219 0.069031 0.142521
0 0.691984 0.809417 0.142937 0.228708
0 0.212617 0.802094 0.201266 0.200146
4 0.594437 0.701458 0.042625 0.087000
4 0.128453 0.815490 0.041000 0.084479
4 0.727648 0.676042 0.034609 0.036417
4 0.834047 0.811604 0.101437 0.078958
0 0.558805 0.576844 0.032797 0.137271
4 0.627805 0.718750 0.032578 0.018958
0 0.405070 0.910604 0.173047 0.177250
6 0.174984 0.907552 0.040906 0.041229
6 0.454172 0.675552 0.011531 0.021146
6 0.546945 0.651865 0.008391 0.012813
6 0.819266 0.709979 0.012906 0.018792
6 0.595195 0.767677 0.009953 0.031479
4 0.453078 0.757771 0.028875 0.060958
0 0.503977 0.548917 0.035297 0.058833
6 0.460648 0.666198 0.010266 0.015479
6 0.507031 0.781250 0.945312 0.420833
0 0.499219 0.748958 0.998437 0.497917