4 0.599625 0.821250 0.285656 0.326611
4 0.175086 0.775208 0.192047 0.447639
4 0.842492 0.797958 0.215172 0.391472
4 0.470852 0.902250 0.352672 0.195500
4 0.950250 0.827236 0.099500 0.313917
0 0.603906 0.407722 0.061094 0.137611
0 0.981844 0.337833 0.035469 0.396389
0 0.775523 0.217264 0.043484 0.145306
0 0.861906 0.221014 0.072906 0.261917
0 0.718953 0.368444 0.068531 0.126556
0 0.802227 0.184778 0.063828 0.278278
0 0.753375 0.176847 0.055625 0.278639
0 0.765914 0.363792 0.125047 0.226806
6 0.671773 0.462389 0.028234 0.072333
6 0.393484 0.596861 0.035094 0.128222
6 0.372875 0.558403 0.023750 0.066861
6 0.257414 0.609889 0.037953 0.125278
6 0.344602 0.573528 0.032672 0.109056
6 0.418047 0.541375 0.032688 0.079750
6 0.542437 0.468694 0.025625 0.043444
6 0.797477 0.452861 0.026422 0.066500
4 0.943305 0.508542 0.041922 0.196306
4 0.555484 0.433181 0.052406 0.104083
0 0.195297 0.619097 0.289469 0.703361
0 0.331719 0.425708 0.153750 0.297028
0 0.464836 0.384403 0.140859 0.287583
0 0.805555 0.627167 0.252766 0.617278
6 0.507211 0.503042 0.027203 0.034972
6 0.844719 0.227833 0.011094 0.028833
3 0.454523 0.625750 0.028578 0.154000
4 0.293656 0.691806 0.082469 0.361611
4 0.487258 0.620444 0.132609 0.260000
6 0.714664 0.479139 0.023922 0.058833
6 0.688484 0.520083 0.028375 0.077167
6 0.366703 0.609111 0.024719 0.072889