4 0.096220 0.861000 0.090520 0.106213
4 0.896020 0.903147 0.070120 0.064800
0 0.788090 0.624720 0.340300 0.645600
0 0.518960 0.434467 0.189240 0.252347
3 0.382060 0.488240 0.033520 0.176480
3 0.415440 0.492147 0.030560 0.174320
3 0.452740 0.485280 0.030520 0.174773
3 0.494990 0.483920 0.026340 0.176373
3 0.320460 0.333467 0.017320 0.098293
3 0.359260 0.332840 0.023520 0.098000
3 0.380550 0.332987 0.018740 0.091840
3 0.417030 0.350787 0.022060 0.058480
3 0.448610 0.337107 0.022340 0.104987
3 0.484400 0.335573 0.019640 0.094933
3 0.598720 0.338360 0.022040 0.095067
3 0.337620 0.331960 0.023200 0.099387
6 0.457810 0.553573 0.027580 0.070347
4 0.156420 0.766933 0.033080 0.052000
4 0.934280 0.915667 0.022480 0.094213
3 0.396860 0.335027 0.023440 0.096720
0 0.211850 0.579387 0.170140 0.461120
3 0.519000 0.277333 0.462000 0.437333