4 0.924836 0.706534 0.107609 0.275825
0 0.719883 0.484676 0.197672 0.233779
0 0.657906 0.405115 0.129969 0.184593
6 0.878234 0.572599 0.017875 0.046117
0 0.887000 0.418716 0.038906 0.102610
0 0.987070 0.333497 0.020359 0.038142
0 0.501414 0.511232 0.996109 0.973027
3 0.837359 0.558392 0.011281 0.037704
3 0.815578 0.436962 0.010687 0.020313
6 0.030945 0.336127 0.013953 0.019102
6 0.049008 0.343862 0.022922 0.028935
4 0.747859 0.939196 0.042938 0.121608
0 0.980828 0.168351 0.009844 0.027975
0 0.049477 0.168257 0.050047 0.131837
3 0.007383 0.184656 0.013328 0.049228
3 0.806141 0.426858 0.010500 0.036013
3 0.813445 0.212724 0.011641 0.050501
3 0.007008 0.266357 0.012797 0.085825
6 0.031031 0.359332 0.016031 0.026931
0 0.942242 0.311044 0.014922 0.026472