0 0.675305 0.942271 0.078422 0.115458
0 0.598555 0.962625 0.059609 0.074750
0 0.037977 0.908208 0.019922 0.061667
0 0.919453 0.923458 0.015625 0.065875
0 0.932914 0.912635 0.011984 0.041229
0 0.144789 0.925958 0.018859 0.034208
1 0.299797 0.932031 0.079219 0.070438
1 0.458664 0.923917 0.067141 0.061833
1 0.407250 0.914958 0.054688 0.049500
1 0.474531 0.892802 0.032937 0.020562
1 0.518711 0.904563 0.027609 0.061167
1 0.551461 0.918729 0.054078 0.045083
1 0.579336 0.906229 0.024891 0.033208
1 0.576281 0.880396 0.022187 0.018875
1 0.617484 0.905719 0.038437 0.037729
1 0.730094 0.918896 0.053000 0.063500
1 0.674031 0.883010 0.036312 0.038437
1 0.791133 0.883083 0.025953 0.033458
0 0.153508 0.915188 0.013984 0.058583
1 0.356250 0.919896 0.052844 0.049375
1 0.418750 0.893750 0.834375 0.075000