0 0.699125 0.421500 0.168000 0.209333
0 0.217414 0.562542 0.343828 0.429208
0 0.271352 0.740885 0.542703 0.485396
0 0.622383 0.444615 0.114922 0.234396
0 0.573102 0.410729 0.067766 0.224583
5 0.647719 0.476740 0.092531 0.068812
4 0.455141 0.461125 0.141813 0.185208
4 0.199773 0.662208 0.161297 0.134417
4 0.616859 0.652135 0.249437 0.262937
4 0.821625 0.536188 0.157781 0.036125
4 0.526711 0.447156 0.056234 0.155813
4 0.686211 0.421875 0.030016 0.041958
4 0.129945 0.524542 0.193828 0.087500
4 0.164805 0.848552 0.326234 0.280271
4 0.722289 0.774125 0.349328 0.451750
4 0.890258 0.722083 0.218172 0.368833
4 0.737281 0.487917 0.195531 0.092917