3 0.595922 0.586438 0.042188 0.192208
3 0.629305 0.553917 0.035172 0.187583
3 0.525516 0.486302 0.033313 0.116188
4 0.505320 0.872094 0.253922 0.233188
4 0.838273 0.748688 0.178891 0.487083
0 0.792141 0.666292 0.202250 0.644958
0 0.142695 0.696062 0.139766 0.312833
0 0.343938 0.474052 0.157969 0.281729
4 0.554492 0.440563 0.079953 0.054000
4 0.257273 0.567635 0.067453 0.187479
4 0.979094 0.623646 0.041812 0.222667
4 0.180219 0.610698 0.109656 0.194688
4 0.931508 0.475979 0.039234 0.065667
0 0.460289 0.428083 0.123109 0.216792