3 0.317891 0.480047 0.044281 0.160875
3 0.426859 0.513273 0.029625 0.085141
0 0.374469 0.320195 0.219125 0.269078
0 0.618836 0.375563 0.255609 0.239906
0 0.723711 0.716711 0.552578 0.552766
0 0.188062 0.735922 0.376125 0.528156
0 0.127766 0.306445 0.255531 0.361578
0 0.964266 0.520992 0.070938 0.343516
6 0.482437 0.679234 0.061625 0.099781
6 0.656680 0.594828 0.039734 0.084469
6 0.650734 0.524859 0.042125 0.039062
0 0.911984 0.472469 0.176031 0.414969
6 0.438484 0.468805 0.041625 0.037766
6 0.239234 0.548133 0.038375 0.064984
0 0.057305 0.445461 0.109672 0.104547
3 0.218547 0.456937 0.021156 0.047250
3 0.271898 0.600805 0.053609 0.097641