3 0.487363 0.493437 0.022110 0.075469
3 0.559473 0.471687 0.024057 0.049406
3 0.511694 0.497063 0.030609 0.086125
3 0.600132 0.485500 0.041034 0.105000
3 0.581308 0.469562 0.022657 0.082594
0 0.843083 0.467414 0.221704 0.229203
0 0.867850 0.212563 0.210223 0.200281
0 0.902444 0.358367 0.154909 0.206672
0 0.515751 0.381922 0.450365 0.260937
6 0.550517 0.505367 0.031014 0.054859
6 0.598083 0.506563 0.034422 0.059688
6 0.284057 0.364234 0.025761 0.029313
0 0.371085 0.341609 0.184442 0.161719
0 0.192779 0.411859 0.154280 0.146219
0 0.164209 0.400383 0.271014 0.359172
0 0.546917 0.209828 0.108276 0.168187
0 0.626268 0.203289 0.092373 0.195703
0 0.714615 0.238664 0.188661 0.206609
3 0.533367 0.488273 0.024706 0.079703