2 0.169430 0.701294 0.093453 0.244847
2 0.563883 0.743694 0.050547 0.195906
0 0.038633 0.629776 0.077266 0.301294
0 0.348445 0.693259 0.216391 0.582000
0 0.024969 0.510600 0.038812 0.091412
0 0.560406 0.639071 0.106531 0.367788
0 0.781203 0.678647 0.192500 0.611224
0 0.702875 0.533624 0.026969 0.081835
0 0.454234 0.623082 0.120156 0.391247
0 0.385641 0.505447 0.053469 0.103647
0 0.507586 0.547729 0.041984 0.155647
0 0.426852 0.516412 0.072047 0.201247
0 0.075156 0.462024 0.042156 0.075200
0 0.180367 0.594212 0.087078 0.279906
0 0.261281 0.615529 0.057813 0.322212
0 0.368750 0.536471 0.646875 0.160000