2 0.645930 0.657776 0.032580 0.120797
0 0.628990 0.592442 0.075340 0.240617
0 0.752560 0.598869 0.065040 0.260103
0 0.780160 0.580501 0.045600 0.219203
0 0.839950 0.581877 0.070020 0.277789
0 0.895320 0.578997 0.055480 0.218612
0 0.937940 0.568702 0.045080 0.229846
0 0.550360 0.503792 0.030800 0.115450
0 0.606080 0.490360 0.028960 0.071311
1 0.849870 0.518856 0.262220 0.104550
0 0.963060 0.571671 0.025400 0.146324
0 0.854260 0.451555 0.022400 0.035604
0 0.566140 0.495707 0.021000 0.104730
0 0.920510 0.553265 0.044740 0.222159
0 0.522740 0.497995 0.013280 0.087866