4 0.386953 0.645771 0.079406 0.147042
4 0.393578 0.798917 0.141375 0.175625
4 0.657297 0.900438 0.148313 0.166292
4 0.306844 0.637719 0.065000 0.167479
4 0.582852 0.676531 0.100797 0.148146
4 0.731414 0.782094 0.135141 0.272521
4 0.230719 0.589844 0.060094 0.112729
4 0.364086 0.467365 0.046172 0.056271
5 0.729047 0.574115 0.168000 0.133021
5 0.163883 0.884833 0.282422 0.230333
5 0.429492 0.526188 0.130203 0.090917
0 0.568992 0.479427 0.158672 0.159854
0 0.619008 0.375562 0.088172 0.148458
0 0.744648 0.421542 0.110016 0.220042
0 0.893016 0.500479 0.181594 0.249333
0 0.256500 0.420010 0.124031 0.179104
0 0.152773 0.597021 0.268266 0.385083
6 0.837086 0.523625 0.033391 0.065833
4 0.672570 0.438333 0.030953 0.038042
4 0.319477 0.491156 0.055047 0.048937
0 0.825977 0.397479 0.082578 0.145167
0 0.019625 0.700052 0.039250 0.222354
0 0.472961 0.461698 0.099828 0.174313
4 0.590258 0.837667 0.148047 0.215583
4 0.414797 0.472448 0.056469 0.042813
4 0.470102 0.675260 0.094547 0.203646