4 0.829110 0.930840 0.097100 0.038440
4 0.870660 0.925770 0.040120 0.026740
4 0.878430 0.901080 0.065260 0.020560
0 0.498400 0.533740 0.483320 0.414280
0 0.886340 0.375700 0.191800 0.198920
0 0.350650 0.152760 0.103220 0.171320
0 0.424520 0.117430 0.107640 0.195060
0 0.775790 0.170360 0.043900 0.139760
0 0.128910 0.871980 0.164540 0.192240
0 0.310380 0.879270 0.101960 0.192020
0 0.436750 0.882830 0.103900 0.219420
0 0.393100 0.896440 0.051960 0.162720
0 0.596400 0.872790 0.176480 0.191580
0 0.904300 0.636410 0.102600 0.182180
0 0.836190 0.586050 0.081300 0.128420
4 0.821990 0.904400 0.069460 0.045440
4 0.891350 0.944510 0.125140 0.041540
4 0.943420 0.887730 0.067760 0.022300
4 0.809680 0.961510 0.078760 0.034500
4 0.898060 0.969030 0.181720 0.038740
4 0.901060 0.918450 0.066240 0.036340
4 0.873480 0.887360 0.046240 0.026240
4 0.771280 0.926930 0.037160 0.037780
4 0.767700 0.962100 0.030800 0.033800
0 0.878490 0.818030 0.055420 0.075140
4 0.962210 0.935450 0.048140 0.031020
0 0.513000 0.488000 0.918000 0.824000
4 0.561000 0.524000 0.874000 0.944000