4 0.132582 0.377533 0.256176 0.220229
3 0.729306 0.265948 0.117892 0.192908
3 0.765964 0.113971 0.027941 0.053889
3 0.365466 0.372859 0.064853 0.068105
3 0.507410 0.365090 0.079232 0.111160
3 0.575417 0.395327 0.048121 0.039575
3 0.618178 0.383121 0.062337 0.059739
3 0.560458 0.385825 0.097680 0.071977
3 0.381127 0.320106 0.064608 0.066552
3 0.375327 0.401299 0.075327 0.049363
3 0.423056 0.401773 0.071699 0.043023
3 0.414714 0.370343 0.032827 0.025359
3 0.399338 0.358995 0.080114 0.070735
4 0.078121 0.572459 0.150000 0.256258
3 0.733489 0.307557 0.028578 0.058088
3 0.558007 0.255719 0.455882 0.341503