5 0.851586 0.362302 0.101578 0.117396
0 0.910547 0.418458 0.154062 0.320833
0 0.522477 0.804490 0.289891 0.391021
0 0.346000 0.363385 0.231063 0.717187
0 0.588688 0.179802 0.126688 0.358854
0 0.619750 0.176448 0.073906 0.288271
0 0.323594 0.924719 0.168531 0.128104
0 0.450000 0.330333 0.161812 0.557292
0 0.175734 0.347760 0.126125 0.683854
0 0.687727 0.174385 0.066078 0.346396
0 0.044766 0.143021 0.089531 0.245500
0 0.216578 0.284271 0.096062 0.546083
0 0.365875 0.057958 0.061250 0.112833
0 0.416492 0.295031 0.104422 0.529438
0 0.528906 0.123958 0.935937 0.247917