2 0.107125 0.594824 0.024438 0.049555
1 0.387508 0.615304 0.165359 0.202600
1 0.889430 0.628970 0.221141 0.225340
1 0.487461 0.570351 0.083609 0.115550
1 0.514062 0.515937 0.034937 0.040023
1 0.458266 0.519040 0.033719 0.037143
0 0.207633 0.636944 0.085016 0.221897
0 0.808648 0.526159 0.037109 0.150070
0 0.843359 0.523794 0.033156 0.128431
0 0.073625 0.552260 0.028437 0.110375
2 0.059547 0.600433 0.056156 0.063817
1 0.495023 0.503724 0.012953 0.011007
0 0.108180 0.555785 0.023922 0.104590
0 0.098484 0.537354 0.016344 0.065246
1 0.476945 0.505785 0.009734 0.012881
0 0.875328 0.517670 0.043250 0.128642