5 0.518719 0.364917 0.036437 0.034875
5 0.776320 0.384375 0.038797 0.043333
5 0.907344 0.400771 0.039188 0.046917
5 0.657742 0.386854 0.036141 0.010583
0 0.733148 0.746063 0.188766 0.458417
0 0.854492 0.476406 0.114609 0.170771
0 0.321906 0.586510 0.198875 0.314604
0 0.240992 0.497188 0.101234 0.182917
0 0.143305 0.441292 0.091328 0.209917
0 0.254211 0.352760 0.063578 0.106937
0 0.909734 0.629781 0.162625 0.259396
0 0.482383 0.671750 0.128734 0.334167
0 0.656766 0.598562 0.142781 0.327833
3 0.082344 0.339510 0.010094 0.033354
3 0.892641 0.356687 0.006406 0.019208
6 0.403656 0.564552 0.024031 0.026354
6 0.214766 0.410719 0.012656 0.012229
6 0.103422 0.353083 0.010063 0.011250
4 0.341734 0.758208 0.150406 0.286500
4 0.073070 0.754833 0.146141 0.278458
4 0.026992 0.505104 0.053172 0.037708
4 0.478344 0.820208 0.156531 0.305833
4 0.595391 0.458344 0.064687 0.125521
4 0.413391 0.480615 0.071500 0.033604
4 0.822227 0.652510 0.047328 0.081771
4 0.357883 0.389927 0.029766 0.057688
4 0.465242 0.461240 0.037672 0.065271
4 0.642484 0.789646 0.042250 0.099375
0 0.934492 0.433896 0.097172 0.151667
0 0.896867 0.848187 0.204016 0.299833
0 0.315922 0.417844 0.087844 0.151021
4 0.683891 0.916948 0.148844 0.163521
4 0.780172 0.481156 0.069312 0.094729
5 0.710703 0.379885 0.042688 0.041438
0 0.166297 0.367802 0.045531 0.088104
4 0.087352 0.433885 0.014578 0.035896
6 0.030500 0.528667 0.018031 0.023375
6 0.558375 0.343604 0.006906 0.013500
6 0.093273 0.349792 0.007984 0.008708
0 0.554688 0.434375 0.881250 0.231250