2 0.920234 0.800000 0.060094 0.146242
2 0.486562 0.715050 0.067562 0.146946
2 0.538961 0.674966 0.065484 0.135034
1 0.345289 0.790872 0.690578 0.418255
1 0.900344 0.911426 0.198344 0.177148
0 0.263375 0.564362 0.030875 0.239262
0 0.358891 0.617299 0.062781 0.305604
0 0.539461 0.626174 0.034047 0.147718
0 0.691805 0.662668 0.081141 0.303322
0 0.753531 0.671023 0.053312 0.196477
0 0.963539 0.728691 0.072922 0.291477
0 0.853305 0.543993 0.012016 0.067450
2 0.688914 0.770587 0.172922 0.176275
0 0.315758 0.584211 0.032297 0.240436
0 0.485211 0.668859 0.039766 0.192685
0 0.804844 0.537752 0.008188 0.065369
0 0.165547 0.598977 0.063500 0.241644
0 0.092375 0.496913 0.007906 0.030537
0 0.585938 0.567114 0.787500 0.476510