3 0.953706 0.644742 0.092588 0.297422
4 0.165388 0.573523 0.204235 0.182328
0 0.360106 0.461672 0.340635 0.349938
0 0.444941 0.291516 0.331153 0.413938
0 0.239106 0.207375 0.156188 0.152344
6 0.101388 0.867305 0.165600 0.216672
6 0.867306 0.656383 0.139882 0.167172
6 0.699988 0.619563 0.106894 0.154250
6 0.235235 0.681992 0.129624 0.115422
6 0.386341 0.608641 0.138000 0.075500
6 0.571118 0.625852 0.111976 0.133547
6 0.792553 0.970352 0.204447 0.059297
4 0.148024 0.516828 0.296047 0.279125
0 0.141812 0.262555 0.270118 0.278016
4 0.598000 0.397953 0.155624 0.169406
6 0.715141 0.844055 0.165435 0.112391
6 0.319247 0.952297 0.215153 0.095406
0 0.576012 0.203508 0.294612 0.359172