1 0.653910 0.561697 0.265500 0.143393
0 0.057620 0.698889 0.115240 0.480901
0 0.146130 0.549114 0.046780 0.166276
0 0.187300 0.577162 0.060240 0.237087
0 0.242670 0.588934 0.075420 0.271502
0 0.691450 0.638213 0.095780 0.359550
0 0.880020 0.487643 0.032920 0.139309
0 0.387530 0.561832 0.041940 0.212673
0 0.426660 0.607147 0.054600 0.268348
0 0.567220 0.576967 0.086800 0.316877
0 0.291550 0.546366 0.028420 0.174354
0 0.483240 0.567087 0.040000 0.204505
2 0.517830 0.927402 0.257420 0.116847
2 0.100750 0.767117 0.194740 0.285405
2 0.886500 0.873874 0.180000 0.227508
2 0.879700 0.743649 0.177480 0.296667
2 0.849730 0.664039 0.116100 0.160511
2 0.799050 0.633408 0.151140 0.221592
2 0.550850 0.650631 0.118620 0.193574
1 0.657740 0.467477 0.135080 0.068889
2 0.274540 0.746321 0.163280 0.210901
2 0.430280 0.656697 0.064520 0.184264
2 0.312560 0.576832 0.057000 0.122613
2 0.173200 0.731607 0.089360 0.200751
0 0.797280 0.562568 0.066240 0.255105
0 0.454580 0.562207 0.039000 0.186517
2 0.341870 0.562447 0.065140 0.088438
0 0.619000 0.623123 0.758000 0.615616