0 0.303102 0.271192 0.505734 0.520167
0 0.621555 0.337835 0.179984 0.245502
0 0.158555 0.188316 0.122547 0.213075
0 0.047008 0.229592 0.092641 0.443745
0 0.862531 0.528096 0.274937 0.669665
0 0.765789 0.392437 0.062922 0.151192
0 0.844031 0.359937 0.128781 0.195774
0 0.087273 0.175282 0.050359 0.197762
0 0.649703 0.192019 0.110844 0.325000
3 0.721578 0.432510 0.008375 0.033305
6 0.753289 0.490084 0.037266 0.074351
6 0.675555 0.476192 0.030797 0.058326
0 0.546781 0.198337 0.127812 0.234958
6 0.698156 0.480408 0.030875 0.059979
6 0.653922 0.472238 0.028000 0.047364
6 0.716391 0.472803 0.019781 0.052008