0 0.952437 0.696333 0.021625 0.050292
0 0.638578 0.765813 0.020781 0.050667
0 0.279930 0.840104 0.010516 0.054458
0 0.289383 0.843469 0.010328 0.049438
1 0.372414 0.914469 0.102297 0.161979
1 0.449531 0.886719 0.093625 0.134521
1 0.527000 0.864031 0.103094 0.128438
1 0.599094 0.849542 0.118469 0.130708
1 0.698594 0.933333 0.146625 0.114625
1 0.776477 0.796344 0.111953 0.088521
1 0.840922 0.888167 0.146437 0.106417
1 0.758289 0.906542 0.154797 0.151625
1 0.603289 0.947000 0.130484 0.106000
1 0.975586 0.902344 0.048828 0.077646
1 0.890125 0.871594 0.128094 0.094937
1 0.515195 0.945042 0.123109 0.109917
1 0.950453 0.789875 0.099094 0.079917
1 0.520312 0.790625 0.956250 0.414583