2 0.846906 0.778958 0.036344 0.099508
0 0.761477 0.946721 0.034578 0.106557
2 0.391664 0.391218 0.043234 0.067541
4 0.337187 0.091756 0.012937 0.011335
4 0.360477 0.113689 0.010453 0.028595
0 0.310000 0.889813 0.042656 0.153536
0 0.238508 0.869227 0.040953 0.164778
0 0.117141 0.898396 0.026156 0.133841
0 0.867711 0.894883 0.056297 0.166628
0 0.958234 0.893770 0.054344 0.148244
0 0.734187 0.019883 0.016219 0.039766
0 0.560172 0.259707 0.014906 0.063958
0 0.092977 0.927073 0.031828 0.145855
0 0.378227 0.274098 0.022391 0.087869
0 0.084945 0.850445 0.024672 0.093630
2 0.085953 0.526393 0.070844 0.071101
2 0.023055 0.544450 0.040109 0.062295
2 0.897930 0.755937 0.033391 0.057447
2 0.019180 0.830023 0.036547 0.082342
0 0.232875 0.454906 0.025875 0.080539
0 0.504156 0.313489 0.022437 0.093349
0 0.486719 0.498829 0.942187 0.997658