3 0.508742 0.202736 0.011047 0.048774
3 0.553687 0.214906 0.010562 0.033962
3 0.542047 0.210366 0.012656 0.041627
3 0.529516 0.213267 0.010687 0.035212
3 0.410148 0.195531 0.009953 0.051486
3 0.487969 0.203467 0.013594 0.041226
3 0.467656 0.198656 0.011375 0.049057
3 0.518086 0.205106 0.009641 0.044741
3 0.418906 0.199929 0.008438 0.037689
3 0.379750 0.407783 0.010937 0.025142
3 0.372609 0.185354 0.014344 0.047736
3 0.357391 0.182311 0.009094 0.034670
3 0.419820 0.428420 0.015891 0.046934
3 0.421875 0.308962 0.165625 0.301887