3 0.553969 0.437406 0.018031 0.089063
3 0.628695 0.494875 0.023578 0.124417
3 0.467203 0.480396 0.023156 0.094625
3 0.443242 0.487906 0.018422 0.080854
4 0.108750 0.819688 0.145937 0.357875
4 0.707289 0.815833 0.185141 0.367292
4 0.881977 0.754625 0.105797 0.377583
4 0.410523 0.436896 0.044859 0.102542
0 0.605266 0.375812 0.064125 0.142208
0 0.364594 0.393385 0.122375 0.206229
0 0.711242 0.328083 0.185391 0.229208
0 0.786242 0.576406 0.237641 0.505604
0 0.120094 0.358052 0.100188 0.222646
0 0.064594 0.360219 0.058562 0.220062
0 0.728094 0.397760 0.094375 0.179771
4 0.236305 0.876406 0.164234 0.247187
4 0.973313 0.743604 0.053375 0.182708
0 0.256180 0.641573 0.340453 0.662937
4 0.913102 0.550833 0.040547 0.130250
4 0.298836 0.487010 0.031016 0.081062
0 0.445922 0.339177 0.105563 0.298896
0 0.294148 0.437208 0.195797 0.261083