2 0.171883 0.831187 0.235391 0.337626
2 0.574102 0.847455 0.326797 0.305090
1 0.453063 0.662734 0.079000 0.070252
1 0.336445 0.672401 0.061234 0.056637
0 0.597242 0.613040 0.274703 0.768669
0 0.140562 0.579775 0.277219 0.795522
0 0.305727 0.667428 0.021922 0.069209
0 0.400961 0.662086 0.007328 0.031187
1 0.780539 0.663067 0.050172 0.036996
1 0.865180 0.660881 0.269641 0.040288
0 0.862867 0.656367 0.017359 0.039173
1 0.286000 0.665081 0.019781 0.028687
1 0.260961 0.666547 0.044359 0.089065
0 0.021734 0.551924 0.043469 0.140252