2 0.565266 0.704918 0.025031 0.112600
2 0.520086 0.591593 0.009609 0.084496
2 0.547461 0.597834 0.014578 0.077073
1 0.828766 0.513279 0.059531 0.020749
0 0.525203 0.559426 0.044188 0.134965
0 0.533492 0.504941 0.009266 0.030023
0 0.561500 0.642916 0.052625 0.185035
0 0.543359 0.509707 0.011562 0.033044
1 0.513078 0.546967 0.103156 0.066628
1 0.906625 0.511206 0.056969 0.017541
1 0.749875 0.512319 0.047875 0.024403
0 0.548164 0.503665 0.008484 0.030937
0 0.554984 0.504789 0.005687 0.025785
1 0.451406 0.512073 0.025219 0.030703