3 0.389625 0.524439 0.017000 0.077232
3 0.413586 0.697167 0.015516 0.072245
3 0.423445 0.689099 0.011641 0.106710
3 0.384789 0.711971 0.015703 0.071619
3 0.397148 0.709582 0.013578 0.076606
4 0.839742 0.769883 0.104234 0.288172
6 0.968242 0.609817 0.011172 0.045326
6 0.967172 0.728655 0.017688 0.045770
6 0.986578 0.609700 0.007719 0.052559
6 0.949820 0.597050 0.009797 0.031697
6 0.959117 0.599752 0.008234 0.032820
6 0.915992 0.577219 0.009328 0.034752
6 0.988211 0.753368 0.014891 0.029399
6 0.931500 0.671815 0.014688 0.054752