2 0.690578 0.541710 0.212750 0.285637
2 0.685766 0.442488 0.168938 0.193090
1 0.052656 0.194057 0.040125 0.060566
1 0.066672 0.189894 0.023625 0.045495
1 0.176234 0.152877 0.023875 0.029717
1 0.107352 0.181922 0.032016 0.046344
0 0.493156 0.621309 0.219844 0.733184
0 0.580078 0.295684 0.066062 0.212358
0 0.867203 0.577524 0.195031 0.737075
0 0.078164 0.624717 0.150359 0.701132
0 0.114891 0.349092 0.107438 0.353608
2 0.156672 0.815318 0.077594 0.173420
0 0.053258 0.392417 0.100641 0.348986
0 0.976422 0.273090 0.047156 0.190189
0 0.952742 0.255507 0.070641 0.221014
2 0.758367 0.705483 0.126266 0.174127
1 0.023078 0.212335 0.046000 0.110472
1 0.112180 0.170684 0.038859 0.045991
1 0.192781 0.154127 0.011813 0.017689
1 0.143445 0.164316 0.016516 0.033019
1 0.159578 0.157335 0.008750 0.023868
1 0.204906 0.153208 0.008375 0.009104
2 0.578437 0.314198 0.028500 0.039387