0 0.361375 0.513344 0.215719 0.502604
0 0.377172 0.475292 0.056281 0.360167
0 0.431562 0.479344 0.098031 0.324521
0 0.624055 0.436135 0.068391 0.293646
0 0.750539 0.397437 0.062391 0.231042
0 0.791289 0.409677 0.049391 0.203313
0 0.935961 0.403031 0.059203 0.188188
0 0.252391 0.390229 0.033813 0.070708
0 0.966258 0.347396 0.018516 0.093625
0 0.094812 0.483469 0.105000 0.416938
0 0.290906 0.312927 0.038750 0.073646
0 0.215641 0.371490 0.036219 0.132479
1 0.179977 0.330167 0.047328 0.073625
3 0.545383 0.921979 0.054891 0.043917
3 0.251008 0.852083 0.051516 0.041458
6 0.293773 0.804802 0.016766 0.029813
6 0.272719 0.806906 0.017781 0.031271
6 0.364758 0.767344 0.020453 0.019813
6 0.079531 0.831594 0.023375 0.024854
6 0.087656 0.901302 0.035063 0.036354
6 0.689859 0.615302 0.013250 0.017229
6 0.542992 0.732719 0.018797 0.018229
6 0.741500 0.606104 0.015500 0.015750
6 0.666836 0.587969 0.013297 0.015646
6 0.201813 0.764135 0.020938 0.022646
0 0.380383 0.290333 0.009797 0.019083
3 0.116344 0.709010 0.044188 0.025271
3 0.629203 0.628375 0.015375 0.010833
1 0.831469 0.316667 0.055656 0.050000
1 0.926109 0.272604 0.025281 0.029500
1 0.898719 0.269635 0.012188 0.017688
1 0.389117 0.296458 0.011734 0.010958
6 0.667039 0.639719 0.016422 0.019479
6 0.509781 0.687583 0.014594 0.019458
6 0.587703 0.612750 0.011062 0.017500