3 0.474227 0.312218 0.014297 0.072929
4 0.225672 0.639791 0.162219 0.195690
4 0.306266 0.907155 0.132750 0.160586
2 0.836211 0.782322 0.252703 0.390084
3 0.580711 0.327301 0.021203 0.072343
3 0.533938 0.306339 0.020313 0.033515
3 0.369867 0.339812 0.005953 0.026234
3 0.378078 0.347134 0.006469 0.011213
3 0.398219 0.310094 0.019563 0.093033
3 0.416531 0.301454 0.019312 0.063577
3 0.373789 0.301778 0.010234 0.037782
6 0.229953 0.779132 0.076750 0.118180
6 0.276758 0.362427 0.025359 0.036904
6 0.248438 0.353672 0.023906 0.060983
6 0.206437 0.342939 0.018969 0.043033
6 0.531992 0.331862 0.025703 0.027615
3 0.594922 0.341695 0.014750 0.053473