2 0.587883 0.906958 0.215203 0.186085
0 0.192898 0.784277 0.059141 0.296633
0 0.585438 0.856085 0.090750 0.286334
0 0.903641 0.702830 0.061750 0.193791
0 0.343500 0.654190 0.008906 0.045835
0 0.731258 0.658429 0.009203 0.029726
0 0.317922 0.653379 0.011000 0.042020
0 0.418180 0.757307 0.053516 0.287631
0 0.829844 0.613441 0.016469 0.041147
0 0.693758 0.617332 0.006547 0.033965
0 0.022484 0.642818 0.012156 0.045885
0 0.253391 0.652693 0.008969 0.045387
0 0.747617 0.603329 0.011109 0.043965
0 0.452344 0.562344 0.904687 0.246883