1 0.505664 0.214120 0.038484 0.041761
1 0.678641 0.212911 0.070531 0.043756
0 0.809148 0.206772 0.018984 0.093685
0 0.938656 0.207300 0.039062 0.125211
0 0.957281 0.201690 0.023500 0.114507
0 0.342062 0.210833 0.012531 0.047770
0 0.782781 0.194871 0.032531 0.097019
0 0.557633 0.206185 0.006172 0.026690
1 0.439578 0.212453 0.041469 0.030070
0 0.974336 0.210246 0.020422 0.059836
0 0.818281 0.205681 0.015406 0.091596
1 0.721414 0.210164 0.050203 0.054836
0 0.820859 0.172735 0.009719 0.021761
0 0.925258 0.212136 0.023672 0.100798
0 0.429688 0.203052 0.246875 0.063380