2 0.888521 0.567426 0.073382 0.042108
0 0.124436 0.763456 0.248873 0.450670
0 0.629796 0.460907 0.115310 0.094984
0 0.082663 0.565719 0.030229 0.088529
1 0.970833 0.548905 0.058333 0.045131
1 0.929306 0.544657 0.047925 0.041830
1 0.861887 0.540008 0.064722 0.028513
1 0.962092 0.531454 0.039542 0.013170
0 0.435449 0.530882 0.055670 0.071275
0 0.889845 0.547173 0.029003 0.068301
2 0.846479 0.562680 0.034690 0.029967
2 0.079444 0.593742 0.018693 0.041634
2 0.151332 0.873423 0.301552 0.253154
0 0.404028 0.471021 0.012010 0.037663