2 0.116508 0.619323 0.193016 0.223354
1 0.500633 0.517490 0.109453 0.084062
1 0.627844 0.500094 0.059531 0.059312
1 0.205523 0.489844 0.053328 0.057896
1 0.412461 0.479177 0.039578 0.026979
0 0.092336 0.542146 0.062109 0.222333
0 0.258062 0.492188 0.012344 0.055292
0 0.355063 0.490458 0.016594 0.065875
0 0.422570 0.478854 0.014047 0.036833
0 0.497781 0.464750 0.006094 0.014750
0 0.595977 0.528219 0.039984 0.109396
0 0.696234 0.474812 0.021063 0.029792
0 0.718891 0.491500 0.017844 0.048292
0 0.775039 0.494198 0.018859 0.052312
0 0.438367 0.487833 0.021141 0.051167
0 0.384375 0.487156 0.017656 0.047646
0 0.146117 0.471417 0.015891 0.017833
0 0.046953 0.495531 0.030906 0.077438
1 0.598914 0.465458 0.020297 0.020458
0 0.512500 0.490625 0.800000 0.093750