4 0.592867 0.692424 0.164828 0.324848
4 0.771211 0.753115 0.196578 0.423653
4 0.430648 0.648700 0.139484 0.265082
4 0.287203 0.582600 0.083031 0.182998
4 0.962727 0.792119 0.074547 0.393560
4 0.104836 0.513595 0.027547 0.086300
0 0.487000 0.544614 0.113062 0.377330
0 0.303531 0.508337 0.060125 0.257611
0 0.156234 0.440948 0.050969 0.075621
0 0.246539 0.481511 0.047266 0.119555
5 0.540445 0.466909 0.083328 0.088197
0 0.118891 0.486628 0.060000 0.122342
0 0.068562 0.476593 0.047656 0.072810
4 0.173469 0.540984 0.028344 0.127494
5 0.025867 0.567436 0.042078 0.139649
5 0.329477 0.488255 0.005453 0.005176
0 0.088961 0.718958 0.177922 0.259321
4 0.124547 0.521159 0.020250 0.102319
4 0.215109 0.564262 0.062594 0.162248
4 0.144258 0.526651 0.024984 0.105152
4 0.043320 0.823372 0.086641 0.327260