0 0.439430 0.430120 0.258484 0.749713
0 0.108187 0.503804 0.119781 0.656842
0 0.164852 0.274737 0.112047 0.369378
0 0.235305 0.263242 0.078234 0.323947
0 0.293234 0.441806 0.116813 0.599354
0 0.359070 0.185108 0.085266 0.175574
0 0.550117 0.360048 0.067953 0.480766
0 0.638062 0.323696 0.127781 0.572990
0 0.779766 0.329833 0.121750 0.444067
0 0.331758 0.162213 0.034297 0.103038
0 0.609398 0.123648 0.039953 0.063804
6 0.779953 0.641005 0.043844 0.056794
6 0.724711 0.617452 0.053391 0.051507
6 0.825461 0.664617 0.049766 0.063780
6 0.857289 0.637512 0.045984 0.060478
6 0.888727 0.694067 0.049422 0.069426
6 0.827305 0.729749 0.047203 0.046483
6 0.689266 0.598648 0.038344 0.048780
6 0.977320 0.747428 0.045359 0.073565
6 0.890734 0.760323 0.050031 0.047919
6 0.890797 0.813923 0.050313 0.046986
0 0.029125 0.218911 0.056344 0.195670
6 0.843398 0.566603 0.050328 0.034593
6 0.921742 0.636388 0.061234 0.055837
0 0.903070 0.307189 0.158328 0.534330
6 0.961117 0.588349 0.042484 0.056842
0 0.378906 0.398325 0.757812 0.519139
6 0.499219 0.449761 0.998437 0.842105