1 0.543422 0.405082 0.083219 0.106107
1 0.940641 0.294744 0.118719 0.052520
0 0.090242 0.472459 0.115359 0.304877
1 0.415781 0.356342 0.038406 0.033586
1 0.330805 0.377285 0.150266 0.045594
0 0.462742 0.452295 0.120391 0.309631
0 0.593242 0.569037 0.116516 0.526598
0 0.658312 0.405359 0.071844 0.210389
0 0.715930 0.583904 0.122734 0.523873
0 0.750844 0.377828 0.064750 0.196803
0 0.799828 0.508545 0.111031 0.447664
0 0.344180 0.456363 0.130703 0.289365
0 0.904805 0.532828 0.104234 0.469549
0 0.240906 0.472859 0.113688 0.281496