4 0.467336 0.848271 0.170078 0.280792
4 0.771180 0.843396 0.207578 0.280500
4 0.853789 0.576104 0.032266 0.064917
4 0.247813 0.520250 0.028875 0.106833
4 0.880367 0.681896 0.091266 0.162875
4 0.231031 0.567990 0.018156 0.039062
6 0.339375 0.728000 0.045969 0.072875
6 0.382062 0.701854 0.037344 0.067292
6 0.445336 0.723115 0.027141 0.075771
6 0.656680 0.737677 0.038297 0.067104
0 0.425594 0.568042 0.121000 0.240083
0 0.494430 0.756896 0.282203 0.486208
0 0.634664 0.589458 0.116516 0.223125
0 0.720586 0.606854 0.065797 0.205292
0 0.303531 0.563531 0.197656 0.261188
0 0.921383 0.743188 0.157234 0.513625
0 0.185391 0.706885 0.367406 0.555063
0 0.886555 0.541792 0.079859 0.129708
0 0.590461 0.518010 0.070109 0.143313
0 0.547961 0.491312 0.067859 0.073083
0 0.726461 0.757375 0.250891 0.484958
0 0.027234 0.548417 0.054469 0.230417
3 0.407289 0.698594 0.029328 0.080021
6 0.279633 0.704187 0.037641 0.049667
4 0.327031 0.499771 0.021344 0.046583
6 0.646531 0.703292 0.042969 0.053375
0 0.750875 0.500583 0.040969 0.067417
6 0.419484 0.718781 0.011437 0.036604
0 0.703125 0.581250 0.521875 0.262500