4 0.245727 0.656276 0.191609 0.340768
4 0.699680 0.605799 0.194359 0.365581
4 0.683805 0.432438 0.292391 0.179481
0 0.451430 0.484824 0.178391 0.396120
0 0.497086 0.307925 0.088172 0.277593
0 0.666531 0.494160 0.152500 0.460560
0 0.798820 0.404492 0.121859 0.238195
0 0.603898 0.264263 0.052828 0.084170
0 0.748820 0.257853 0.020484 0.036826
5 0.376500 0.479969 0.044906 0.103091
0 0.567281 0.322905 0.067750 0.079087
0 0.938187 0.267147 0.022719 0.034710
0 0.900297 0.265031 0.029875 0.039647
0 0.414805 0.269782 0.032016 0.055581
0 0.731047 0.270851 0.028656 0.042116
4 0.497211 0.664118 0.182484 0.406162