3 0.410289 0.873829 0.013672 0.050843
3 0.492430 0.934333 0.010328 0.029321
0 0.397187 0.723103 0.113469 0.197728
0 0.478141 0.385340 0.099969 0.195410
0 0.937062 0.185117 0.116937 0.236136
0 0.390687 0.334075 0.083125 0.170492
0 0.481312 0.972881 0.092031 0.054239
0 0.088523 0.911066 0.140453 0.177869
0 0.019203 0.747330 0.038406 0.132319
3 0.471484 0.235632 0.803781 0.094684
6 0.068344 0.255831 0.016688 0.019016
6 0.097398 0.311393 0.023578 0.025597
6 0.474891 0.889778 0.026156 0.051780
6 0.884422 0.194274 0.011406 0.016792
6 0.527891 0.285199 0.015906 0.036956
6 0.473156 0.954473 0.022437 0.032178
4 0.480727 0.530820 0.100703 0.170070
4 0.192617 0.457283 0.119703 0.232787
4 0.238305 0.897763 0.119266 0.204473
4 0.806125 0.905012 0.033594 0.189274
4 0.754133 0.447904 0.121578 0.211218
4 0.984227 0.710621 0.031547 0.167799
4 0.037852 0.715199 0.075703 0.221358
4 0.682930 0.208302 0.094453 0.233700
4 0.371859 0.389707 0.124000 0.120679
4 0.622211 0.922471 0.122953 0.132576
0 0.953961 0.314297 0.092078 0.170703
0 0.030336 0.265141 0.060672 0.139461
0 0.045953 0.371335 0.091906 0.122670
4 0.076047 0.536838 0.137375 0.173677
3 0.101180 0.282611 0.014922 0.031686
6 0.146102 0.248852 0.017516 0.030820
6 0.892328 0.280187 0.013000 0.026136
6 0.838094 0.265562 0.018844 0.036370
4 0.917391 0.398068 0.165219 0.225410
4 0.594242 0.388829 0.120078 0.232646
6 0.860164 0.258876 0.014266 0.022576
4 0.534375 0.512881 0.793750 0.861827