6 0.549211 0.660312 0.073641 0.166333
6 0.844219 0.889448 0.139437 0.221104
0 0.253656 0.501125 0.500563 0.741583
0 0.524719 0.368812 0.168563 0.467167
0 0.673312 0.352802 0.166844 0.350562
0 0.750227 0.347198 0.093891 0.261354
0 0.827734 0.337854 0.064250 0.158250
0 0.058148 0.301125 0.116297 0.426958
0 0.236305 0.255990 0.042328 0.120771
0 0.285086 0.262802 0.058547 0.099771
3 0.763625 0.533031 0.128125 0.320021
0 0.945617 0.302344 0.033359 0.083187
0 0.973055 0.305708 0.046203 0.075792
6 0.888617 0.494302 0.123891 0.237229
0 0.329492 0.267094 0.030359 0.093438
0 0.988617 0.283531 0.022766 0.079146
0 0.258594 0.230208 0.020313 0.093750