6 0.213500 0.573800 0.046600 0.071227
0 0.661680 0.368307 0.089040 0.346320
0 0.825500 0.293280 0.177840 0.402667
0 0.609250 0.418747 0.136580 0.409707
0 0.741180 0.343093 0.095200 0.319360
0 0.859870 0.616973 0.280260 0.746640
0 0.199720 0.600000 0.170240 0.768533
0 0.135960 0.528400 0.252320 0.595040
0 0.107450 0.826867 0.214900 0.346267
0 0.689810 0.656000 0.232540 0.688000
3 0.397440 0.529320 0.018760 0.076773
0 0.327240 0.600133 0.166880 0.750293
6 0.662910 0.381640 0.020460 0.025733
6 0.379720 0.375947 0.025240 0.023680
0 0.029300 0.486973 0.054680 0.492187
3 0.376960 0.535573 0.024400 0.095893