1 0.837844 0.518271 0.147125 0.081792
0 0.136625 0.516604 0.050625 0.247667
0 0.102750 0.430594 0.024781 0.054688
0 0.576070 0.479635 0.029453 0.050813
0 0.978039 0.715094 0.043922 0.549563
0 0.082219 0.401802 0.026219 0.036771
0 0.184164 0.477625 0.013922 0.068500
0 0.482125 0.454688 0.028156 0.033500
0 0.280250 0.436208 0.013594 0.025833
2 0.722797 0.524219 0.056906 0.053188
1 0.524070 0.475240 0.074922 0.057979
0 0.054922 0.597677 0.109844 0.558813
0 0.164766 0.479156 0.013813 0.073729
0 0.239430 0.446833 0.020109 0.033917
0 0.511266 0.469875 0.023531 0.048833
0 0.527164 0.473729 0.016609 0.041375