0 0.108260 0.824724 0.208720 0.314608
0 0.251620 0.816855 0.167760 0.343802
0 0.097520 0.585403 0.132640 0.366290
0 0.730180 0.806302 0.220920 0.333341
0 0.605060 0.161037 0.087960 0.220737
0 0.905140 0.662154 0.156400 0.452696
0 0.709650 0.143018 0.089940 0.211705
0 0.555200 0.585058 0.111760 0.325829
0 0.444580 0.270288 0.105880 0.287903
0 0.796810 0.123606 0.126780 0.242696
0 0.447650 0.602811 0.146300 0.368525
4 0.051580 0.791590 0.014560 0.164562
4 0.365530 0.707408 0.029700 0.028041
4 0.494230 0.704447 0.013940 0.032903
4 0.608760 0.706037 0.013600 0.033548
0 0.663590 0.604090 0.115420 0.392880
4 0.963100 0.794482 0.031240 0.181636
4 0.205800 0.705334 0.026800 0.024171
4 0.777740 0.714747 0.031240 0.056544
0 0.774680 0.579194 0.124000 0.345300
0 0.494000 0.491935 0.944000 0.983871