0 0.700000 0.382026 0.150556 0.274150
0 0.930335 0.584273 0.139330 0.413480
0 0.290310 0.404109 0.153072 0.285180
0 0.460940 0.350817 0.217696 0.212418
0 0.184935 0.465188 0.178529 0.285637
0 0.150564 0.679085 0.301127 0.608987
0 0.851283 0.490858 0.128807 0.316160
0 0.219632 0.282083 0.102598 0.133252
0 0.809126 0.417181 0.307173 0.427337
0 0.113105 0.310033 0.133758 0.149837
0 0.604469 0.295074 0.171912 0.281716
0 0.287606 0.243930 0.062990 0.100278
6 0.458145 0.557002 0.051977 0.107435
6 0.634837 0.595572 0.051928 0.084771
4 0.918007 0.316520 0.061797 0.059052
3 0.561977 0.581185 0.026013 0.079167
6 0.789975 0.744804 0.070474 0.119804
6 0.546977 0.447827 0.036634 0.069477
6 0.509877 0.453709 0.037794 0.063007
6 0.484183 0.555057 0.041569 0.082925
6 0.427941 0.465931 0.042614 0.064967
0 0.407418 0.301234 0.079869 0.164624
6 0.531667 0.713358 0.038529 0.113676
6 0.546078 0.528186 0.047157 0.085588
6 0.414967 0.489134 0.037549 0.061601
6 0.721005 0.884101 0.096912 0.177549
6 0.531650 0.513725 0.044869 0.077549