4 0.248391 0.441937 0.112906 0.238708
4 0.072453 0.448146 0.144906 0.221083
4 0.194789 0.395948 0.102359 0.185229
4 0.310961 0.372573 0.074578 0.165104
4 0.848391 0.650542 0.154844 0.372042
4 0.904406 0.380240 0.034875 0.091312
4 0.725664 0.337698 0.037516 0.067937
4 0.976977 0.337969 0.044141 0.033646
0 0.460305 0.475229 0.349672 0.497750
0 0.412922 0.411229 0.144937 0.364042
0 0.642695 0.614906 0.206828 0.732396
0 0.317625 0.290521 0.102625 0.156958
5 0.303312 0.647437 0.246219 0.181042
0 0.410406 0.225750 0.024969 0.026250
4 0.857500 0.325625 0.076187 0.142208
4 0.710617 0.278479 0.054234 0.069375
4 0.947086 0.416844 0.105828 0.051813
4 0.349500 0.489156 0.037125 0.229521
4 0.951164 0.696833 0.097641 0.256375