3 0.616820 0.539918 0.021422 0.134637
4 0.142437 0.827717 0.272875 0.321335
4 0.417180 0.877178 0.276141 0.223724
4 0.783906 0.827881 0.308750 0.316042
4 0.908219 0.623244 0.073188 0.151218
4 0.967687 0.605948 0.064625 0.226417
4 0.050297 0.624087 0.066656 0.159508
0 0.456336 0.709368 0.250016 0.557564
0 0.739742 0.697319 0.258797 0.578478
0 0.829430 0.551815 0.101641 0.293419
0 0.181477 0.648419 0.221391 0.523724
0 0.286789 0.442295 0.138516 0.243185
0 0.989055 0.471569 0.020859 0.132412
0 0.586516 0.424578 0.077625 0.155761
1 0.500016 0.352576 0.043906 0.049742
0 0.682563 0.441393 0.081375 0.175527
3 0.533719 0.463888 0.012344 0.042529
6 0.334148 0.577927 0.010078 0.048595
4 0.968430 0.528080 0.031141 0.150632
4 0.629211 0.488138 0.014297 0.068735
0 0.416250 0.407295 0.138031 0.191077
1 0.820945 0.372693 0.136578 0.036909