4 0.050187 0.441865 0.097312 0.252646
4 0.116734 0.472854 0.056969 0.097375
0 0.362359 0.364042 0.724719 0.728083
0 0.607586 0.193260 0.402797 0.377521
0 0.083383 0.174740 0.084516 0.191229
0 0.836719 0.168792 0.078969 0.187333
0 0.928094 0.282958 0.143812 0.565917
0 0.845187 0.106729 0.079781 0.213458
0 0.035242 0.208406 0.058234 0.132438
0 0.180188 0.172396 0.043281 0.064792
0 0.157180 0.175135 0.033672 0.038896
0 0.021555 0.249833 0.041078 0.090958
6 0.952867 0.775906 0.092422 0.175896
0 0.128398 0.177354 0.005828 0.017917
4 0.105188 0.276813 0.124063 0.028833