4 0.177844 0.832615 0.355687 0.309021
4 0.759680 0.491396 0.064516 0.109667
4 0.370188 0.507802 0.171844 0.115646
4 0.494641 0.877083 0.282656 0.212000
4 0.213711 0.418281 0.217734 0.040854
4 0.224398 0.394656 0.184859 0.032479
0 0.214891 0.266292 0.193812 0.285375
6 0.283484 0.562229 0.034313 0.110042
4 0.403281 0.411625 0.090312 0.063250
0 0.444094 0.284781 0.235312 0.279729
6 0.509008 0.454021 0.037391 0.170708
4 0.839937 0.846760 0.320125 0.280521
4 0.091805 0.523865 0.182922 0.090271
0 0.064547 0.315458 0.129094 0.333542
6 0.234625 0.514604 0.096844 0.256000