3 0.697648 0.437729 0.031141 0.160472
3 0.693414 0.559705 0.024328 0.188083
3 0.379125 0.573038 0.038594 0.207493
3 0.610203 0.621726 0.038625 0.207522
0 0.177555 0.581386 0.355109 0.837227
0 0.257867 0.407935 0.188141 0.464543
0 0.418141 0.269145 0.151500 0.382891
0 0.650469 0.252316 0.120562 0.301150
0 0.816805 0.218938 0.110984 0.347729
6 0.485977 0.438835 0.030984 0.104867
6 0.632758 0.437478 0.026547 0.092832
4 0.754453 0.307552 0.068656 0.218289
4 0.976242 0.526504 0.047516 0.199617
4 0.735625 0.349749 0.059969 0.136077
0 0.904039 0.354322 0.188078 0.508348
4 0.973906 0.840442 0.052187 0.319115