0 0.436868 0.584266 0.573486 0.804500
0 0.971837 0.413898 0.056326 0.376672
0 0.604958 0.259016 0.094468 0.137219
1 0.110052 0.262375 0.123570 0.039375
1 0.761618 0.209727 0.036347 0.019578
1 0.845324 0.204617 0.044969 0.015703
1 0.915031 0.201406 0.050397 0.015094
1 0.967328 0.200430 0.049645 0.012422
0 0.727213 0.336297 0.149958 0.264719
2 0.752432 0.389086 0.178768 0.152703
2 0.486503 0.729727 0.944238 0.540547
2 0.593904 0.293687 0.157161 0.076719
1 0.505449 0.231516 0.095658 0.033875
1 0.652223 0.221297 0.056806 0.033875
1 0.741399 0.212109 0.026430 0.012750
1 0.805125 0.206047 0.042443 0.015281