4 0.274992 0.937295 0.089391 0.125410
4 0.840430 0.944415 0.103078 0.087986
4 0.563883 0.905012 0.074609 0.146230
4 0.756453 0.924075 0.082563 0.151850
4 0.430859 0.931429 0.126812 0.110164
4 0.301008 0.912073 0.113047 0.169438
2 0.719648 0.792342 0.105016 0.180515
0 0.357164 0.810105 0.153641 0.313747
0 0.571656 0.685527 0.067344 0.269133
0 0.237672 0.781944 0.089469 0.216628
0 0.162586 0.735890 0.086453 0.194356
0 0.536836 0.642658 0.061922 0.200632
0 0.484344 0.675386 0.051094 0.218454
0 0.444992 0.611756 0.037328 0.103419
0 0.384453 0.610094 0.068812 0.132272
0 0.397062 0.741768 0.067625 0.141756
2 0.549945 0.733864 0.048047 0.170117
2 0.789477 0.743618 0.081078 0.126909
2 0.700469 0.745714 0.082187 0.137049
4 0.458492 0.917646 0.112891 0.153981
4 0.033375 0.780562 0.066750 0.054333
4 0.071609 0.910679 0.040813 0.145808
0 0.042797 0.734333 0.081563 0.149883
0 0.472258 0.591347 0.025297 0.058993
0 0.759961 0.647026 0.063734 0.145199
4 0.139063 0.867740 0.145250 0.069110
4 0.106703 0.810129 0.053562 0.053138
0 0.823875 0.638642 0.052969 0.136066
2 0.920742 0.796909 0.158516 0.235176
0 0.446094 0.629977 0.892188 0.187354