3 0.198352 0.523888 0.032484 0.250867
3 0.333586 0.515773 0.027859 0.194918
3 0.417414 0.498302 0.026578 0.163817
3 0.236070 0.553934 0.041453 0.164496
3 0.294227 0.553162 0.035578 0.164075
3 0.561211 0.491265 0.026859 0.163326
3 0.392633 0.513700 0.031859 0.188431
3 0.450867 0.509391 0.033547 0.190585
3 0.501750 0.500585 0.020656 0.186511
3 0.520586 0.494379 0.021859 0.172178
0 0.624883 0.690246 0.059828 0.342834
3 0.544945 0.492611 0.039516 0.166815
3 0.172055 0.526382 0.049266 0.255105
3 0.134242 0.526780 0.044484 0.244754
3 0.372656 0.522248 0.248438 0.224824