0 0.348156 0.463302 0.515094 0.738271
0 0.583508 0.216521 0.075328 0.338958
0 0.967617 0.257302 0.064766 0.321937
0 0.863961 0.258677 0.091953 0.341437
0 0.803680 0.254125 0.061578 0.329583
0 0.669586 0.226917 0.085297 0.317917
0 0.525844 0.344260 0.060688 0.177521
0 0.438336 0.104948 0.075609 0.098104
0 0.743258 0.231458 0.091016 0.296625
0 0.033289 0.234062 0.048016 0.288042
0 0.123102 0.090375 0.069953 0.098875
2 0.128094 0.365167 0.198875 0.164042
0 0.194977 0.177635 0.068172 0.151938
0 0.949594 0.198875 0.044625 0.226375
0 0.467187 0.246875 0.934375 0.460417