2 0.858879 0.593687 0.282243 0.245156
0 0.377065 0.438172 0.072150 0.160531
0 0.521495 0.431078 0.056897 0.114625
2 0.252364 0.463562 0.076056 0.130094
2 0.797533 0.453109 0.257570 0.110813
2 0.810953 0.493852 0.267551 0.203328
2 0.675327 0.439328 0.063850 0.022187
2 0.307953 0.468852 0.100766 0.115828
2 0.032757 0.578656 0.063794 0.100500
2 0.907598 0.404500 0.109850 0.050375
2 0.629879 0.751727 0.740243 0.496547
2 0.414981 0.456594 0.056579 0.075250
2 0.912776 0.898438 0.174449 0.179688
2 0.540196 0.649281 0.251682 0.248125
2 0.716822 0.504687 0.562617 0.281250