1 0.959945 0.513462 0.080109 0.082606
1 0.909727 0.498392 0.063484 0.085563
1 0.868188 0.498474 0.030781 0.055399
1 0.828742 0.492136 0.027203 0.033427
1 0.811922 0.484812 0.043969 0.037277
1 0.985859 0.575587 0.028281 0.091174
0 0.579102 0.521268 0.022328 0.069859
0 0.734891 0.510340 0.025781 0.098333
0 0.715992 0.511714 0.016922 0.055915
0 0.512359 0.539143 0.033937 0.136831
0 0.809031 0.491796 0.013625 0.056831
0 0.453211 0.494507 0.008859 0.033944
0 0.785961 0.497042 0.017953 0.068545
1 0.772859 0.489014 0.010656 0.021080
1 0.463234 0.498873 0.062969 0.036056
0 0.033938 0.518885 0.011594 0.032606
0 0.004289 0.519331 0.008578 0.041714
0 0.621070 0.541502 0.019297 0.059155
0 0.757711 0.498697 0.016828 0.075563
1 0.561555 0.492711 0.034891 0.030540
4 0.406836 0.565164 0.025609 0.047183
1 0.850187 0.486878 0.027781 0.038122
0 0.742688 0.502336 0.012219 0.074437
0 0.606656 0.537981 0.018031 0.063380
1 0.667156 0.489624 0.023875 0.033099
1 0.644086 0.492864 0.019453 0.026620