3 0.074641 0.863521 0.034469 0.143792
3 0.109547 0.237802 0.028594 0.095312
3 0.594773 0.354625 0.030891 0.122625
3 0.775492 0.609177 0.062922 0.175187
0 0.331383 0.292573 0.257984 0.403271
0 0.898969 0.264833 0.202062 0.479458
0 0.617695 0.216479 0.112922 0.285375
0 0.240047 0.753844 0.129844 0.280729
0 0.796727 0.809260 0.330922 0.364187
6 0.108477 0.908698 0.056766 0.090062
6 0.622062 0.394312 0.046750 0.071417
0 0.224156 0.175885 0.143781 0.330146
0 0.719969 0.243719 0.137281 0.220312
0 0.388398 0.739687 0.228922 0.451583
3 0.194336 0.671667 0.037703 0.124083
3 0.304445 0.698885 0.021672 0.055521
3 0.287539 0.694990 0.017422 0.061937
3 0.480211 0.168229 0.027484 0.088250
3 0.780359 0.169135 0.015625 0.080437
3 0.767516 0.179771 0.017875 0.068583
3 0.799203 0.176375 0.016219 0.060417
3 0.473805 0.105302 0.027484 0.078521
3 0.418695 0.133917 0.038016 0.137792
0 0.108992 0.721208 0.140203 0.347167
0 0.889906 0.728146 0.209437 0.448833