4 0.159141 0.794021 0.104969 0.230250
4 0.989602 0.685281 0.020797 0.114188
4 0.979047 0.621375 0.012875 0.046250
0 0.324148 0.759417 0.311391 0.455875
0 0.884836 0.751938 0.230328 0.496000
0 0.114609 0.573031 0.225844 0.822479
0 0.370047 0.608448 0.144719 0.330562
0 0.440141 0.587323 0.149031 0.311896
0 0.362531 0.372354 0.093406 0.163917
0 0.544820 0.433854 0.134234 0.365417
0 0.670109 0.481604 0.157906 0.319708
0 0.903523 0.570021 0.144266 0.255125
6 0.746547 0.701344 0.034063 0.060937
0 0.796852 0.579615 0.138172 0.331938
3 0.516484 0.894104 0.111719 0.183750