2 0.711984 0.750830 0.390125 0.360686
1 0.197797 0.741162 0.191500 0.106615
0 0.688664 0.607080 0.195391 0.517743
0 0.855398 0.447345 0.140391 0.498540
1 0.399602 0.720763 0.175047 0.078164
1 0.258859 0.678462 0.097156 0.053960
1 0.284148 0.698175 0.093391 0.054801
1 0.438188 0.665332 0.103031 0.054646
1 0.154914 0.670199 0.089297 0.039646
1 0.944023 0.707965 0.111953 0.170619
1 0.093609 0.724270 0.060562 0.071327
1 0.264500 0.648108 0.056719 0.026350
1 0.094375 0.665011 0.070062 0.037898
1 0.073438 0.648617 0.034187 0.024535
1 0.475148 0.652743 0.038359 0.031195