0 0.418828 0.717477 0.034813 0.156488
2 0.887359 0.740628 0.019062 0.059953
2 0.812281 0.744337 0.016875 0.065698
2 0.831547 0.732791 0.021375 0.081628
2 0.781359 0.742453 0.025219 0.066070
2 0.878063 0.732151 0.008125 0.035465
4 0.145523 0.815337 0.060234 0.078116
4 0.061078 0.896547 0.093531 0.120581
4 0.080898 0.816895 0.063891 0.076070
4 0.029047 0.808430 0.036656 0.072302
4 0.171883 0.758895 0.037859 0.051047
4 0.130203 0.760872 0.038344 0.057698
2 0.915297 0.739256 0.025156 0.063907
2 0.761617 0.732907 0.032391 0.082000
2 0.957453 0.716942 0.020375 0.059279
2 0.792461 0.698953 0.019172 0.032093
2 0.941484 0.719779 0.029219 0.057140
2 0.981070 0.710721 0.014609 0.067674
2 0.804469 0.742349 0.008812 0.049209
1 0.976477 0.676895 0.029266 0.023233
1 0.964188 0.673907 0.040188 0.022651
4 0.212156 0.762686 0.040469 0.061605
2 0.849992 0.751360 0.009016 0.044860
2 0.421094 0.715116 0.048438 0.165116