1 0.259270 0.304618 0.039380 0.051804
1 0.402660 0.299771 0.065840 0.069694
1 0.333290 0.291239 0.031540 0.046514
0 0.747170 0.479511 0.131140 0.419572
0 0.919480 0.412584 0.097240 0.295321
0 0.530250 0.361177 0.052460 0.192691
0 0.800100 0.320382 0.029000 0.058746
0 0.458370 0.334786 0.031460 0.131407
0 0.100630 0.340168 0.044140 0.067492
0 0.976370 0.346651 0.033940 0.133425
2 0.456330 0.781713 0.433060 0.402263
2 0.742950 0.601560 0.117860 0.282997
2 0.918120 0.540963 0.081000 0.227064
2 0.650150 0.376804 0.044980 0.071040
2 0.063930 0.562920 0.127860 0.316850
2 0.529350 0.409725 0.032900 0.118899
2 0.116470 0.537737 0.131380 0.216636
2 0.458050 0.370550 0.024100 0.082813
2 0.552610 0.372462 0.021660 0.087798
2 0.254820 0.755535 0.197040 0.334557
2 0.250720 0.379113 0.035200 0.066667
0 0.553140 0.299924 0.023120 0.058746
0 0.618690 0.319755 0.015300 0.070275
0 0.647520 0.310336 0.020280 0.063792
0 0.672980 0.309434 0.026200 0.049388
0 0.338670 0.302813 0.032580 0.077492
2 0.969230 0.476972 0.061540 0.077187
1 0.265660 0.294587 0.033400 0.048440
0 0.576470 0.347370 0.022660 0.132661
2 0.628870 0.732920 0.135860 0.215076
2 0.452000 0.608563 0.824000 0.617737
0 0.492000 0.311927 0.948000 0.122324