2 0.287617 0.419141 0.067582 0.054031
2 0.961420 0.476453 0.044531 0.122469
1 0.453650 0.345117 0.186596 0.098047
1 0.381056 0.356961 0.077324 0.082859
0 0.742817 0.333555 0.046854 0.080328
0 0.328228 0.357156 0.071808 0.098719
0 0.954495 0.427148 0.088286 0.174734
0 0.922101 0.353766 0.066408 0.086219
0 0.642723 0.334969 0.043239 0.079438
0 0.980235 0.335789 0.039531 0.055766
0 0.803462 0.333695 0.046690 0.080891
0 0.044554 0.338570 0.089108 0.075266
0 0.471643 0.347836 0.081174 0.063047
0 0.484155 0.466086 0.220094 0.231672
0 0.673521 0.337477 0.034131 0.076172
1 0.554366 0.343180 0.093380 0.068234
0 0.599836 0.334359 0.028404 0.033969
0 0.708263 0.316930 0.028263 0.036141
0 0.359155 0.330469 0.544601 0.107813