3 0.529227 0.498208 0.036516 0.093333
0 0.214047 0.493260 0.158438 0.460687
0 0.320898 0.343938 0.133484 0.193042
0 0.640891 0.467062 0.181156 0.235250
0 0.748508 0.592708 0.224484 0.386375
0 0.843820 0.705625 0.312359 0.566292
6 0.668359 0.782937 0.061219 0.121042
6 0.292133 0.543740 0.043547 0.076146
6 0.322109 0.436698 0.030875 0.052562
6 0.384508 0.682948 0.048234 0.100604
6 0.484359 0.436948 0.023125 0.056479
4 0.203719 0.724260 0.024156 0.025313
4 0.798125 0.727604 0.080844 0.043667
0 0.117133 0.669667 0.230891 0.638208
1 0.560766 0.226969 0.147719 0.162104
6 0.584898 0.528979 0.038016 0.079250
6 0.455609 0.459219 0.030906 0.029438
6 0.512836 0.716073 0.044078 0.110104
6 0.408273 0.700375 0.049484 0.107083
6 0.455078 0.482917 0.029563 0.043292
4 0.736844 0.471542 0.022750 0.030792