4 0.350195 0.916133 0.197016 0.141939
4 0.122703 0.863949 0.188000 0.240327
4 0.934094 0.781857 0.073344 0.341939
4 0.626070 0.536881 0.043078 0.068154
6 0.631570 0.591893 0.017328 0.071262
6 0.642852 0.608645 0.017078 0.077056
0 0.232828 0.732582 0.207187 0.512360
0 0.291617 0.515864 0.098328 0.202430
0 0.453813 0.480269 0.074156 0.130023
0 0.587719 0.519054 0.105094 0.161519
0 0.726234 0.501916 0.106719 0.210327
0 0.812203 0.309720 0.035531 0.055467
0 0.773945 0.735958 0.264484 0.505607
0 0.450844 0.754369 0.321594 0.458411
0 0.848336 0.651682 0.151797 0.458411
0 0.757938 0.271834 0.026312 0.047827
0 0.659297 0.318388 0.028469 0.056121
6 0.666211 0.608843 0.019672 0.071145
6 0.931727 0.488563 0.010828 0.050958
6 0.909406 0.484766 0.007938 0.032477
6 0.320234 0.599544 0.015875 0.043528
4 0.136242 0.649544 0.128703 0.187967
4 0.942461 0.911589 0.114172 0.176822
6 0.307469 0.627874 0.026188 0.056776
6 0.898164 0.480794 0.013984 0.038692
6 0.944602 0.485596 0.014891 0.042500