2 0.612539 0.915141 0.367953 0.169719
2 0.482875 0.836511 0.193437 0.209696
2 0.330016 0.888407 0.221906 0.188852
2 0.211352 0.858044 0.157641 0.279836
0 0.811875 0.638642 0.073469 0.267400
0 0.626055 0.636171 0.051516 0.266862
0 0.562750 0.654461 0.058156 0.265738
0 0.515648 0.654977 0.039359 0.200960
0 0.394758 0.658735 0.048516 0.254426
0 0.338367 0.627319 0.047797 0.192951
0 0.311094 0.636569 0.025500 0.168829
0 0.285484 0.645913 0.035937 0.210937
0 0.211516 0.597037 0.022875 0.113560
2 0.103320 0.859239 0.067266 0.153700
2 0.111391 0.785843 0.184156 0.227049
0 0.367937 0.656159 0.043156 0.200234
0 0.244500 0.616429 0.042625 0.172951
2 0.592492 0.832658 0.125891 0.106909
2 0.050234 0.748712 0.081625 0.138829
2 0.848508 0.934122 0.098891 0.108244
2 0.133531 0.680691 0.057219 0.057494
2 0.897172 0.960000 0.080063 0.051756
2 0.312875 0.825867 0.120250 0.132623
2 0.196547 0.857084 0.178656 0.277916
2 0.421875 0.700234 0.843750 0.594848