2 0.125000 0.956990 0.250000 0.060229
2 0.906656 0.546948 0.186688 0.187396
2 0.180016 0.679406 0.360031 0.638979
1 0.041219 0.401938 0.072750 0.252167
1 0.386797 0.225844 0.072469 0.074146
0 0.658984 0.465167 0.252812 0.570792
0 0.703648 0.259542 0.092703 0.200000
0 0.789195 0.377313 0.130734 0.425000
0 0.324437 0.342688 0.133156 0.366292
0 0.534359 0.269615 0.050250 0.189438
0 0.153078 0.245760 0.056563 0.138354
0 0.832586 0.780896 0.316859 0.397750
0 0.433992 0.591573 0.190453 0.746063
0 0.565484 0.486344 0.184500 0.387021
0 0.417141 0.291917 0.120281 0.272958
0 0.741094 0.227927 0.021875 0.060354
0 0.938867 0.341375 0.122234 0.363042
1 0.606266 0.191885 0.034031 0.017062
2 0.261375 0.218792 0.039875 0.036333
2 0.416000 0.198219 0.014625 0.013896
2 0.868289 0.399156 0.074922 0.136646
1 0.667359 0.224854 0.027781 0.027708
0 0.840633 0.277333 0.060203 0.113667