3 0.968344 0.303222 0.061687 0.481722
3 0.152609 0.460000 0.013781 0.062556
3 0.133141 0.453014 0.016781 0.079417
0 0.883406 0.547986 0.233188 0.885194
0 0.526391 0.567569 0.193844 0.630639
0 0.408000 0.552083 0.137781 0.528111
0 0.105344 0.549708 0.180969 0.498139
0 0.272406 0.559986 0.163062 0.501139
0 0.745789 0.603375 0.182016 0.766306
5 0.707875 0.400292 0.150938 0.216194
5 0.618664 0.431264 0.069859 0.126028
5 0.336234 0.432583 0.343812 0.101111
3 0.636836 0.860514 0.016016 0.085472
6 0.096133 0.467556 0.022703 0.035667
6 0.518664 0.817167 0.019266 0.051389
6 0.282414 0.461333 0.022422 0.035333
4 0.748945 0.891014 0.155484 0.164028
4 0.566070 0.714917 0.113766 0.162444
4 0.373539 0.744792 0.026359 0.111972
5 0.924367 0.361764 0.043922 0.290639
3 0.166820 0.457694 0.015359 0.064500