2 0.598242 0.435820 0.077203 0.194169
1 0.428328 0.374930 0.232250 0.246674
1 0.351992 0.275738 0.084703 0.072787
0 0.273078 0.275187 0.113750 0.330609
0 0.695180 0.411194 0.140703 0.417237
0 0.932289 0.534696 0.135422 0.620351
0 0.523352 0.270597 0.054641 0.158946
0 0.144086 0.264672 0.217172 0.523724
0 0.908852 0.320316 0.064609 0.221054
0 0.611828 0.292494 0.031219 0.108923
0 0.578828 0.271569 0.035000 0.119532
0 0.492836 0.247506 0.027297 0.080164
4 0.855078 0.818021 0.095906 0.191452
2 0.827313 0.552951 0.194656 0.329415
2 0.875875 0.622740 0.248250 0.263560
0 0.308094 0.246651 0.015094 0.067916
2 0.305602 0.270621 0.012422 0.041897