2 0.153695 0.761137 0.044609 0.126556
1 0.036875 0.714570 0.073750 0.175232
1 0.234805 0.622627 0.018453 0.022252
0 0.163461 0.721788 0.055484 0.140132
0 0.767188 0.635751 0.014125 0.060375
1 0.276102 0.635254 0.026484 0.038057
2 0.182555 0.674404 0.022141 0.038786
0 0.817523 0.624437 0.012109 0.019603
1 0.206680 0.630221 0.024328 0.023664
1 0.215164 0.611115 0.019734 0.020817
1 0.841437 0.654227 0.133906 0.115386
1 0.191656 0.634415 0.044188 0.029404
1 0.707070 0.623918 0.033641 0.051236
0 0.405734 0.562395 0.066875 0.098918
0 0.862570 0.607682 0.018859 0.032053