0 0.557563 0.464271 0.020688 0.028750
0 0.436953 0.543583 0.033969 0.086125
0 0.331977 0.585198 0.013516 0.034479
0 0.417438 0.476583 0.012469 0.018583
0 0.533281 0.471313 0.017656 0.015458
0 0.313367 0.483708 0.020766 0.019375
0 0.392336 0.578469 0.010453 0.021396
2 0.713500 0.624677 0.025406 0.032604
2 0.726367 0.629323 0.024328 0.027813
2 0.858539 0.624344 0.026734 0.037271
0 0.438352 0.481656 0.015328 0.011687
0 0.309891 0.583771 0.018313 0.040042
0 0.539016 0.593458 0.013531 0.038292
0 0.379078 0.486510 0.007187 0.009687