2 0.863945 0.847193 0.269547 0.259104
2 0.864008 0.817948 0.264203 0.253019
2 0.891273 0.593420 0.160484 0.106321
0 0.457516 0.604528 0.139625 0.504481
0 0.317789 0.647288 0.154047 0.677217
2 0.886578 0.500991 0.150500 0.175519
2 0.833211 0.522712 0.090203 0.149245
2 0.950578 0.570932 0.085500 0.084552
2 0.903672 0.485035 0.152031 0.135778
0 0.576344 0.379446 0.050000 0.167948
0 0.839008 0.387712 0.052422 0.189623
0 0.538648 0.408785 0.056703 0.279269
0 0.093289 0.628420 0.182703 0.743160
0 0.812867 0.343632 0.016516 0.085000
0 0.647703 0.350118 0.039844 0.130425
2 0.907359 0.528314 0.135688 0.101486
2 0.867211 0.580637 0.085266 0.075189
0 0.792578 0.335200 0.028281 0.078797
1 0.925984 0.336297 0.021250 0.040472
0 0.685859 0.455224 0.093125 0.358986
2 0.863430 0.707134 0.273141 0.250637