3 0.758899 0.523469 0.117143 0.031438
2 0.493407 0.596977 0.830890 0.303141
0 0.754461 0.437078 0.215574 0.379781
0 0.398220 0.494203 0.496674 0.597344
0 0.085082 0.328508 0.142951 0.262984
0 0.642143 0.295477 0.070094 0.123203
0 0.611874 0.290187 0.041358 0.115844
0 0.132143 0.313883 0.082693 0.177203
0 0.167494 0.288117 0.046604 0.118391
0 0.249508 0.311523 0.093817 0.158109
0 0.858197 0.280859 0.044496 0.079375
3 0.899696 0.362375 0.019813 0.029375
0 0.341920 0.344328 0.066042 0.168531
0 0.702412 0.275117 0.051429 0.064734
0 0.557611 0.297336 0.068665 0.118922
0 0.590937 0.255047 0.021171 0.030406
0 0.265808 0.314063 0.147541 0.162500