4 0.917727 0.726641 0.144172 0.258594
0 0.908047 0.595614 0.157000 0.734531
0 0.831922 0.558672 0.078125 0.645290
0 0.768930 0.600681 0.153109 0.683817
0 0.592828 0.622545 0.164344 0.669777
0 0.552047 0.580156 0.100719 0.650938
0 0.470703 0.619654 0.110531 0.634799
0 0.413211 0.589621 0.080016 0.609241
0 0.355172 0.649475 0.105844 0.598549
0 0.296781 0.594576 0.077000 0.621161
0 0.148195 0.623873 0.138734 0.709442
0 0.255531 0.638750 0.108875 0.658929
3 0.025141 0.905279 0.020375 0.075871
3 0.132289 0.875301 0.020922 0.078013
4 0.038687 0.594196 0.076000 0.097812
0 0.664594 0.590056 0.107781 0.660246
4 0.049266 0.775692 0.098531 0.310982
4 0.746070 0.740759 0.060203 0.120893
3 0.215836 0.820815 0.006672 0.036317
4 0.142133 0.724687 0.159297 0.358973