3 0.542930 0.634742 0.013891 0.067752
4 0.181664 0.819988 0.075453 0.360023
4 0.285875 0.638513 0.032719 0.129157
0 0.690570 0.585632 0.054172 0.172155
0 0.773445 0.679895 0.085547 0.280726
0 0.879852 0.774087 0.156766 0.451827
0 0.300609 0.780902 0.238375 0.415714
0 0.341820 0.631838 0.100234 0.246628
0 0.382219 0.628208 0.039031 0.193513
0 0.420555 0.599438 0.049484 0.164028
0 0.632148 0.532471 0.034578 0.107471
0 0.473094 0.548208 0.058469 0.105176
0 0.715484 0.630363 0.089406 0.236557
0 0.656156 0.562459 0.048188 0.146932
0 0.439266 0.546663 0.028625 0.131358
4 0.323805 0.572400 0.025391 0.038525
4 0.698391 0.527600 0.013281 0.047752
4 0.946328 0.820913 0.072906 0.358173
4 0.753812 0.559532 0.014656 0.056909
4 0.701633 0.544778 0.012703 0.034005
4 0.824211 0.737096 0.047891 0.215316
4 0.391281 0.565913 0.025938 0.104333
4 0.407016 0.537693 0.020969 0.063255