1 0.129075 0.487008 0.080164 0.037453
1 0.065597 0.490781 0.101499 0.038125
1 0.876323 0.496008 0.247354 0.092672
1 0.432553 0.486586 0.053068 0.037547
0 0.533443 0.328875 0.280000 0.468500
0 0.359941 0.473945 0.093560 0.189453
0 0.021300 0.482562 0.039461 0.152781
0 0.939719 0.479414 0.100094 0.197078
0 0.221920 0.469352 0.121874 0.215109
0 0.662892 0.476875 0.016651 0.020938
0 0.832857 0.480938 0.103044 0.193812
0 0.600480 0.477273 0.031171 0.045891
0 0.316019 0.485594 0.033162 0.045656
0 0.296487 0.483453 0.020094 0.021469