1 0.967539 0.612572 0.056672 0.049396
0 0.537312 0.719070 0.047844 0.238720
0 0.227984 0.670773 0.025656 0.175024
0 0.265523 0.653080 0.020359 0.122343
0 0.658062 0.586860 0.026781 0.074493
0 0.694008 0.613019 0.031766 0.106377
2 0.568031 0.709469 0.036750 0.097488
2 0.748617 0.644130 0.032266 0.083720
2 0.688047 0.678792 0.032875 0.057681
2 0.830859 0.643539 0.023750 0.042246
2 0.797305 0.642295 0.042078 0.066522
2 0.604711 0.690411 0.053016 0.115507
2 0.715484 0.655821 0.027844 0.086522
2 0.764242 0.633527 0.024953 0.061643
0 0.485078 0.742838 0.023969 0.043502
2 0.850859 0.657077 0.007625 0.029034
2 0.863578 0.628986 0.021063 0.062415
2 0.912141 0.641087 0.015000 0.054493
2 0.938945 0.636353 0.018828 0.055749
2 0.648523 0.685000 0.065484 0.091208