2 0.536956 0.723630 0.691809 0.404700
2 0.282518 0.536180 0.253496 0.144720
1 0.801015 0.381970 0.144963 0.040340
0 0.285966 0.437740 0.160342 0.206640
0 0.155660 0.373550 0.086870 0.126500
0 0.069731 0.361230 0.065477 0.113580
0 0.943447 0.467680 0.113105 0.300720
0 0.824804 0.415110 0.083741 0.168220
2 0.063790 0.392850 0.071345 0.062180
2 0.155819 0.413820 0.126699 0.086880
0 0.466308 0.431410 0.058484 0.219580
2 0.499218 0.407260 0.022983 0.040360
0 0.303007 0.339850 0.074328 0.063380
0 0.413496 0.374260 0.646161 0.487920
2 0.882029 0.577500 0.235941 0.165000
2 0.894621 0.525610 0.107677 0.076820
2 0.808888 0.466950 0.160758 0.101300
2 0.291553 0.477210 0.159780 0.116020
1 0.239071 0.365700 0.068557 0.032440