3 0.204836 0.838854 0.093547 0.288167
3 0.240695 0.872458 0.086141 0.255083
0 0.193383 0.471854 0.326234 0.441708
0 0.372398 0.383823 0.095641 0.139646
0 0.911320 0.500010 0.177359 0.662188
0 0.630531 0.387323 0.088656 0.142521
6 0.417445 0.483802 0.023359 0.055854
6 0.515953 0.350729 0.031125 0.076083
3 0.342641 0.897219 0.101063 0.204479
3 0.447547 0.556833 0.061781 0.109083
3 0.465164 0.455281 0.013484 0.034479
6 0.559219 0.553542 0.044531 0.103250
6 0.519289 0.502958 0.041016 0.029042
6 0.519008 0.467260 0.035953 0.036188
6 0.516367 0.590302 0.041797 0.031313
6 0.559055 0.465781 0.044109 0.112479
6 0.298516 0.410760 0.039406 0.079354
0 0.033375 0.505083 0.063094 0.466417
0 0.392148 0.366427 0.050766 0.068979
0 0.251523 0.402615 0.099141 0.255937
0 0.389023 0.335594 0.036672 0.062604
6 0.627336 0.727073 0.092516 0.168313
6 0.253031 0.746281 0.083187 0.151146
6 0.518938 0.532792 0.044094 0.023750
0 0.299508 0.402448 0.089703 0.222437
0 0.744586 0.501021 0.127172 0.471292
0 0.301328 0.387781 0.074125 0.213979
3 0.724867 0.970604 0.070859 0.055792
6 0.520414 0.420917 0.035672 0.061333
6 0.399313 0.473896 0.020281 0.039083
6 0.381352 0.564760 0.046078 0.066812