2 0.491187 0.332833 0.026312 0.028500
2 0.910336 0.370806 0.039203 0.052778
2 0.365016 0.345972 0.023969 0.052500
0 0.293203 0.324917 0.038125 0.155667
0 0.106258 0.328042 0.041641 0.242083
0 0.416172 0.300292 0.025625 0.118417
0 0.459867 0.294542 0.015484 0.106528
2 0.526414 0.303653 0.017734 0.041639
0 0.630391 0.289458 0.012219 0.036194
0 0.523859 0.271972 0.012281 0.029500
0 0.490461 0.287750 0.015953 0.064056
0 0.238266 0.254125 0.023719 0.054083
0 0.959945 0.490778 0.080109 0.366389
0 0.335805 0.305028 0.030734 0.087111
0 0.664719 0.442264 0.150781 0.293917
0 0.589711 0.299444 0.016797 0.062667
0 0.899773 0.329014 0.020266 0.095417
0 0.342187 0.286111 0.603125 0.172222