0 0.194508 0.426097 0.086391 0.185861
0 0.269680 0.486069 0.113922 0.246639
0 0.373734 0.719597 0.212844 0.518028
0 0.426484 0.452653 0.105094 0.208361
0 0.547719 0.441083 0.091750 0.166889
0 0.695227 0.698875 0.184547 0.602250
0 0.341102 0.346667 0.058922 0.120833
0 0.872109 0.374931 0.083500 0.190694
0 0.106180 0.511236 0.136516 0.262917
0 0.514578 0.287250 0.028906 0.043000
0 0.818344 0.256611 0.041156 0.148611
0 0.615109 0.267764 0.068781 0.178028
4 0.843750 0.866306 0.200969 0.244944
4 0.555547 0.824722 0.107438 0.328111
4 0.027180 0.922472 0.049297 0.132611
4 0.932797 0.798903 0.132125 0.370972
4 0.464539 0.850569 0.127672 0.262917
4 0.782383 0.449500 0.039922 0.066444
4 0.747680 0.791292 0.191234 0.298194
5 0.124352 0.712931 0.154641 0.211028
5 0.302734 0.629667 0.082156 0.123611
5 0.488414 0.630639 0.119109 0.163722
5 0.617680 0.585931 0.082016 0.137028
5 0.793273 0.549319 0.099016 0.138861
4 0.082992 0.398125 0.063422 0.050194
4 0.320695 0.888306 0.162172 0.197389
4 0.743461 0.467375 0.046578 0.050694
4 0.625578 0.494861 0.060719 0.066833
4 0.240984 0.383097 0.021344 0.026972
5 0.633484 0.401472 0.037937 0.055556
5 0.548883 0.334222 0.027234 0.047222
5 0.397477 0.338528 0.030266 0.040444
5 0.263297 0.417417 0.023156 0.030333
5 0.188781 0.579875 0.101125 0.124361
5 0.052406 0.461319 0.066312 0.092639
5 0.903281 0.528028 0.061531 0.109389
0 0.336500 0.279736 0.074875 0.203972
4 0.040656 0.565681 0.033313 0.140306
5 0.941086 0.365431 0.017766 0.039250
0 0.517969 0.425000 0.960938 0.400000
4 0.500000 0.702778 0.996875 0.444444
5 0.470313 0.565278 0.937500 0.613889