0 0.749814 0.562070 0.089420 0.135859
0 0.613561 0.523656 0.034965 0.050750
0 0.890035 0.562742 0.073991 0.138859
0 0.827981 0.565227 0.063666 0.141828
1 0.106821 0.812500 0.213643 0.221687
1 0.259768 0.607031 0.519536 0.188312
1 0.206183 0.551000 0.404292 0.091375
1 0.302401 0.544047 0.210557 0.070094
1 0.296253 0.538477 0.273387 0.089797
1 0.365418 0.533008 0.149304 0.061328
1 0.198944 0.658219 0.397889 0.239906
1 0.321810 0.505914 0.180046 0.045391
1 0.403968 0.503047 0.021021 0.013656
1 0.391079 0.518711 0.073063 0.019328