3 0.230070 0.653167 0.027047 0.124042
3 0.146945 0.622760 0.022984 0.094854
4 0.629359 0.661531 0.094844 0.251396
0 0.332867 0.769667 0.217422 0.433708
0 0.545609 0.746625 0.293906 0.423417
0 0.381195 0.541073 0.087453 0.161271
0 0.550898 0.470990 0.045859 0.118396
0 0.183109 0.509969 0.029563 0.072354
0 0.259430 0.524781 0.037297 0.103271
0 0.757586 0.693260 0.210672 0.406729
0 0.434180 0.512229 0.051547 0.093583
4 0.048562 0.894958 0.097125 0.210083
4 0.734539 0.676323 0.071734 0.093562
4 0.324203 0.875240 0.156781 0.232771
4 0.624453 0.606792 0.035969 0.111750
4 0.264180 0.558917 0.040047 0.056500
4 0.138984 0.605417 0.071656 0.061333
4 0.485875 0.590302 0.040250 0.061437
0 0.199695 0.491698 0.020266 0.046229
0 0.095008 0.776906 0.190016 0.414813
0 0.600695 0.504083 0.040453 0.053083
0 0.802242 0.847187 0.391016 0.305625
4 0.485563 0.925635 0.218500 0.145646
0 0.405687 0.497896 0.031688 0.058208
6 0.185031 0.667208 0.037969 0.099292
6 0.416250 0.653958 0.022469 0.062542
6 0.081727 0.688302 0.023172 0.048063
6 0.203898 0.638229 0.019109 0.081000
0 0.500000 0.548958 0.996875 0.356250