4 0.513070 0.563344 0.202203 0.183479
1 0.611586 0.330719 0.056891 0.060687
1 0.452531 0.324802 0.089719 0.099687
1 0.554781 0.316344 0.042031 0.043854
2 0.529516 0.402687 0.163375 0.081917
2 0.540477 0.378000 0.051078 0.066167
0 0.179492 0.331875 0.271359 0.329500
0 0.430242 0.365875 0.129109 0.220792
0 0.315219 0.320083 0.117656 0.180083
0 0.717352 0.330760 0.040016 0.136687
0 0.934836 0.343521 0.034984 0.113292
3 0.392195 0.347990 0.013578 0.055313
4 0.556672 0.444490 0.082281 0.136813
6 0.243539 0.758427 0.170234 0.415729
6 0.051930 0.485177 0.097984 0.036229
6 0.073313 0.714604 0.116281 0.435958
0 0.811109 0.500000 0.377781 1.000000
2 0.502977 0.357625 0.127453 0.097083
1 0.662281 0.335562 0.068875 0.068208
3 0.029664 0.716594 0.059328 0.516062
6 0.193930 0.622250 0.092828 0.341375
4 0.350836 0.581521 0.051297 0.110250
4 0.480359 0.498573 0.114281 0.178104
4 0.298906 0.407958 0.083125 0.014917
4 0.613281 0.541604 0.085000 0.211833
2 0.939414 0.370594 0.064266 0.066396
6 0.267203 0.513177 0.116062 0.096104