4 0.780453 0.549568 0.286813 0.187500
4 0.800344 0.452687 0.162500 0.088178
4 0.553836 0.446986 0.066234 0.103692
0 0.303633 0.454264 0.607266 0.901332
0 0.795289 0.321846 0.146922 0.212150
0 0.666547 0.367909 0.077531 0.184696
0 0.960578 0.396145 0.078844 0.202570
0 0.935273 0.353960 0.043578 0.097453
0 0.706734 0.364603 0.030375 0.072290
0 0.228664 0.346636 0.181422 0.295981
6 0.683023 0.822477 0.088672 0.224720
6 0.604031 0.699661 0.066812 0.167967
6 0.530359 0.687220 0.090281 0.273178
6 0.871820 0.766682 0.121734 0.326402
0 0.834180 0.316600 0.030266 0.025397
6 0.342008 0.429136 0.026609 0.088645
4 0.541273 0.416647 0.082359 0.098621
0 0.639078 0.341729 0.032125 0.086963
0 0.995062 0.421542 0.007187 0.008178
4 0.472250 0.363166 0.049938 0.040584
4 0.445688 0.369790 0.020344 0.035561
4 0.619984 0.501320 0.038969 0.252453
4 0.763859 0.478937 0.167906 0.047640
4 0.447555 0.410491 0.109578 0.068178
4 0.960461 0.446449 0.079078 0.124252
4 0.700633 0.379054 0.014547 0.049463