1 0.553906 0.859766 0.025062 0.027813
1 0.310365 0.905156 0.193604 0.120031
1 0.467490 0.878320 0.066854 0.075391
1 0.499135 0.871242 0.050479 0.048391
1 0.517406 0.863148 0.037979 0.033641
1 0.719979 0.862922 0.062208 0.040125
0 0.428604 0.884563 0.030167 0.077938
0 0.156938 0.912273 0.204750 0.175453
0 0.925510 0.884258 0.042229 0.085484
0 0.593146 0.870914 0.027958 0.067953
0 0.986823 0.841437 0.022479 0.027250
0 0.976635 0.878672 0.046729 0.093406
0 0.022208 0.889258 0.043250 0.121578
0 0.878229 0.864586 0.026917 0.063453
0 0.839948 0.869258 0.020771 0.053234
1 0.178521 0.939672 0.344083 0.120656
0 0.070010 0.873727 0.050104 0.086797
0 0.755000 0.925812 0.116292 0.148375
1 0.533240 0.862992 0.027062 0.030047
1 0.404875 0.859648 0.049583 0.033766
0 0.129208 0.855406 0.036667 0.052781
0 0.264677 0.840234 0.023604 0.016719
1 0.593760 0.860047 0.053812 0.031906
1 0.655365 0.853641 0.034771 0.026562
0 0.904167 0.848437 0.016667 0.028125