1 0.048141 0.575604 0.095375 0.084125
1 0.052187 0.546760 0.104375 0.068312
1 0.046789 0.525490 0.093578 0.046604
1 0.927078 0.477510 0.061781 0.036687
1 0.869625 0.467865 0.046000 0.030771
1 0.962844 0.478979 0.056750 0.044583
1 0.817305 0.457635 0.056047 0.031563
1 0.048086 0.514635 0.093578 0.045521
1 0.028750 0.488156 0.055937 0.032604
1 0.881969 0.468406 0.236062 0.070896
1 0.888539 0.469948 0.053922 0.034854
1 0.760742 0.451490 0.018328 0.011437
1 0.968688 0.448500 0.060969 0.028000
1 0.006250 0.340625 0.009375 0.022917