6 0.687102 0.268415 0.063641 0.111009
6 0.828156 0.074918 0.026625 0.034202
6 0.831133 0.050305 0.019109 0.029859
6 0.705352 0.023310 0.018984 0.044836
6 0.689555 0.022383 0.014141 0.043357
6 0.798789 0.075751 0.023141 0.042676
6 0.645695 0.014542 0.012484 0.029085
6 0.735531 0.031878 0.019813 0.063756
6 0.672453 0.021866 0.015250 0.042512
6 0.852875 0.064472 0.012250 0.026925
6 0.774547 0.072735 0.027656 0.036362
4 0.159922 0.775329 0.319844 0.423380
4 0.106156 0.766714 0.168281 0.093146
6 0.789234 0.033991 0.033625 0.041690
6 0.609789 0.014495 0.011297 0.028991
6 0.700000 0.327465 0.340625 0.654930