3 0.462695 0.616557 0.020516 0.070117
3 0.517039 0.603314 0.018984 0.119461
4 0.885406 0.613970 0.085687 0.167143
4 0.472406 0.896183 0.138813 0.167775
4 0.177016 0.949321 0.169781 0.101358
0 0.219109 0.591838 0.358406 0.791874
0 0.484156 0.564625 0.226250 0.588735
0 0.717219 0.508630 0.274813 0.438244
0 0.935312 0.615422 0.129375 0.472014
0 0.913719 0.398326 0.033844 0.053372
0 0.895383 0.405047 0.035297 0.120023
0 0.925266 0.342881 0.033281 0.059672
6 0.493289 0.609602 0.050859 0.149742
6 0.427953 0.411932 0.043719 0.105925
6 0.321305 0.493009 0.048047 0.148501
6 0.411492 0.585785 0.039703 0.082155
6 0.565258 0.497658 0.033953 0.114988
4 0.727414 0.808618 0.427703 0.334660
4 0.411195 0.516686 0.062891 0.072155
4 0.872734 0.510632 0.060000 0.050773
4 0.880000 0.447752 0.027250 0.098642
4 0.910688 0.436838 0.033625 0.048009
4 0.960836 0.720984 0.078328 0.039532
0 0.978297 0.375445 0.025281 0.042834
3 0.445094 0.579016 0.036094 0.101265