2 0.981930 0.851037 0.018109 0.057319
1 0.777211 0.849301 0.107703 0.103217
1 0.397406 0.848660 0.186719 0.137273
1 0.983086 0.811317 0.033828 0.054382
0 0.704453 0.785571 0.008094 0.032028
0 0.244750 0.751131 0.010875 0.054895
0 0.260375 0.750443 0.013062 0.043310
0 0.353859 0.761841 0.010875 0.052634
0 0.294586 0.757284 0.013922 0.064732
0 0.184461 0.748357 0.011797 0.055315
0 0.322570 0.761072 0.012484 0.054312
0 0.339008 0.763566 0.008047 0.038508
0 0.222211 0.750490 0.015391 0.072494
0 0.405102 0.755361 0.016109 0.050490
0 0.271891 0.744650 0.010656 0.010979
0 0.436828 0.761807 0.021094 0.049441
0 0.281813 0.756317 0.011906 0.053986
2 0.865406 0.802214 0.027000 0.029091
0 0.504687 0.769231 0.975000 0.130536