2 0.383445 0.661885 0.349797 0.342646
0 0.422922 0.528188 0.149875 0.489500
0 0.746344 0.414177 0.187219 0.241479
0 0.974008 0.348156 0.050734 0.167646
0 0.199648 0.283812 0.028609 0.098333
0 0.475648 0.375906 0.087391 0.239687
0 0.039453 0.297052 0.038094 0.089604
0 0.323859 0.244677 0.026656 0.052062
0 0.501875 0.280625 0.023469 0.062792
0 0.527086 0.268979 0.021984 0.063792
0 0.767844 0.315250 0.045625 0.177333
0 0.953617 0.246323 0.023484 0.033271
0 0.345266 0.288042 0.040781 0.080000
0 0.237039 0.263792 0.028047 0.049750
0 0.472656 0.404167 0.945312 0.412500