3 0.335662 0.507753 0.051062 0.167435
3 0.489134 0.434044 0.029706 0.097794
4 0.914183 0.644592 0.107026 0.390294
4 0.478154 0.413137 0.136569 0.056634
4 0.392655 0.920694 0.360343 0.158611
0 0.176838 0.392868 0.250605 0.271846
0 0.762655 0.581315 0.343971 0.462696
0 0.126193 0.622598 0.252386 0.494346
0 0.392982 0.742222 0.268938 0.276667
6 0.575090 0.664412 0.058415 0.075948
4 0.792173 0.813979 0.301209 0.372042
6 0.293791 0.690180 0.033399 0.059739
4 0.054273 0.494771 0.029690 0.027778
4 0.089845 0.908856 0.169265 0.140621