3 0.269203 0.536002 0.025562 0.161618
3 0.354961 0.597705 0.027828 0.107536
4 0.351789 0.893696 0.290734 0.184251
4 0.653422 0.857742 0.312531 0.256159
4 0.105414 0.847331 0.210828 0.305338
0 0.409102 0.426932 0.144734 0.191787
0 0.066266 0.603382 0.128844 0.523865
0 0.843117 0.665169 0.215141 0.525845
6 0.391070 0.503998 0.018359 0.050990
0 0.158648 0.484094 0.088391 0.260121
0 0.318656 0.409191 0.069125 0.225290
0 0.651859 0.443164 0.131375 0.239324
0 0.833484 0.517065 0.145625 0.338333
0 0.846789 0.330205 0.107078 0.384372
0 0.549484 0.426075 0.103125 0.211667
6 0.476703 0.496908 0.018844 0.041063
0 0.127047 0.350688 0.043625 0.082633
6 0.612812 0.564867 0.022062 0.054565
4 0.208766 0.494928 0.009750 0.044058
4 0.485414 0.469734 0.041734 0.085604
0 0.274711 0.453249 0.126016 0.225966
4 0.739039 0.528454 0.038641 0.103623
4 0.861102 0.841944 0.167922 0.316111
4 0.779617 0.521039 0.054328 0.164686
4 0.349852 0.498865 0.043516 0.051691
4 0.769023 0.410459 0.041484 0.026715