4 0.366180 0.393407 0.034547 0.061710
2 0.865344 0.351745 0.043969 0.036932
0 0.808742 0.340703 0.030078 0.152553
0 0.732891 0.346288 0.023500 0.104660
0 0.287969 0.360199 0.023875 0.107986
0 0.615758 0.353817 0.039109 0.156112
0 0.472906 0.366593 0.034875 0.139883
0 0.182391 0.358747 0.037781 0.107283
0 0.379867 0.327494 0.025984 0.042529
0 0.750078 0.340480 0.040344 0.165644
0 0.722852 0.375738 0.020109 0.060890
0 0.671594 0.353759 0.035719 0.137166
0 0.836812 0.354274 0.036031 0.113419
0 0.655141 0.341066 0.011969 0.057822
0 0.493117 0.357307 0.027297 0.167073
0 0.653125 0.320843 0.271875 0.051522