2 0.286648 0.835726 0.045109 0.129578
1 0.871078 0.696628 0.257844 0.287635
1 0.440977 0.336932 0.053484 0.080749
1 0.478852 0.362939 0.067922 0.073232
1 0.644695 0.804930 0.701672 0.357307
1 0.417930 0.324684 0.016703 0.053489
1 0.415953 0.314543 0.019656 0.042810
0 0.130727 0.557436 0.027703 0.079789
0 0.040742 0.830059 0.067641 0.339883
0 0.307352 0.725843 0.110953 0.310094
0 0.069383 0.602670 0.044703 0.096768
0 0.101102 0.560878 0.047734 0.102600
0 0.156391 0.620328 0.052375 0.162810
0 0.155438 0.510843 0.048625 0.114286
0 0.171219 0.448068 0.027156 0.112904
0 0.068797 0.757377 0.049219 0.307213
0 0.230367 0.487119 0.026984 0.118970
0 0.018547 0.606370 0.036844 0.116393
0 0.309367 0.386218 0.026703 0.106440
0 0.020633 0.698770 0.039328 0.171171
1 0.468555 0.292131 0.012109 0.026838
1 0.461227 0.286112 0.011516 0.019859
0 0.481250 0.502342 0.959375 0.620609