3 0.591102 0.863010 0.157641 0.267646
4 0.560883 0.397042 0.052203 0.101125
5 0.465172 0.717969 0.428094 0.384271
0 0.594945 0.413490 0.286516 0.543812
0 0.455148 0.334458 0.246859 0.346083
0 0.295195 0.268937 0.101641 0.179542
0 0.135078 0.595771 0.270156 0.808458
0 0.078242 0.340656 0.108453 0.188396
0 0.750281 0.444948 0.499437 0.741563
0 0.402813 0.092135 0.097750 0.184271
5 0.289055 0.334208 0.091641 0.104583
5 0.479914 0.109969 0.073672 0.077771
5 0.513188 0.045240 0.056219 0.061021
0 0.596625 0.149437 0.097750 0.289875
0 0.729820 0.089687 0.137891 0.174875
0 0.241492 0.252135 0.043734 0.070021
0 0.346875 0.261354 0.095469 0.186583
4 0.062094 0.762177 0.124188 0.473562
4 0.190687 0.612823 0.208562 0.368104
5 0.468453 0.074823 0.042531 0.016229