3 0.141258 0.841525 0.122297 0.316950
4 0.378477 0.732199 0.099922 0.132263
0 0.634805 0.627737 0.677266 0.642055
0 0.460586 0.476726 0.307047 0.554799
0 0.271141 0.543379 0.115562 0.200915
0 0.357922 0.496019 0.102656 0.145618
0 0.231875 0.622616 0.275625 0.426966
0 0.059500 0.585778 0.119000 0.345939
0 0.136523 0.401966 0.086328 0.069583
6 0.331281 0.562151 0.022656 0.035570
6 0.265453 0.906300 0.083219 0.138636
0 0.984938 0.541396 0.030125 0.136148
0 0.610484 0.464093 0.043781 0.123467
4 0.980758 0.737913 0.038484 0.149085
4 0.385469 0.686364 0.103000 0.109775
4 0.977156 0.878379 0.042812 0.153130