2 0.916039 0.622212 0.051547 0.114125
0 0.561914 0.647738 0.072203 0.200225
0 0.621406 0.648713 0.050219 0.199625
0 0.675281 0.646288 0.050500 0.204625
0 0.717289 0.643512 0.047766 0.187825
0 0.241672 0.550525 0.017063 0.064100
0 0.826070 0.574688 0.040328 0.162625
0 0.085922 0.593800 0.020750 0.107900
0 0.253883 0.548087 0.014141 0.058475
0 0.361703 0.541913 0.011500 0.055525
0 0.374938 0.539275 0.013437 0.056150
1 0.777891 0.553813 0.051438 0.067775
1 0.159133 0.551687 0.053703 0.040375
1 0.120125 0.552163 0.033625 0.037125
1 0.078906 0.548288 0.032969 0.037475
1 0.030258 0.555500 0.060516 0.055750
1 0.741688 0.534200 0.033719 0.057100
0 0.411758 0.597150 0.036578 0.115050
1 0.868555 0.562800 0.055453 0.073150
0 0.552352 0.527350 0.012891 0.053450
0 0.384375 0.553750 0.756250 0.097500