3 0.174531 0.433208 0.057969 0.271125
3 0.233320 0.428562 0.053547 0.268542
3 0.499414 0.420510 0.047891 0.221854
3 0.240680 0.257448 0.027422 0.084271
3 0.481648 0.405729 0.031141 0.208375
3 0.543656 0.425656 0.052719 0.220896
3 0.593188 0.412865 0.056750 0.203021
3 0.119445 0.453365 0.070859 0.246313
3 0.268109 0.254437 0.028813 0.082125
3 0.972273 0.114583 0.028453 0.093042
3 0.924352 0.031177 0.025328 0.057146
3 0.897133 0.154917 0.029797 0.101333
3 0.576086 0.407344 0.037578 0.209396
3 0.589844 0.205208 0.817187 0.410417