1 0.106194 0.563031 0.194392 0.115437
1 0.751546 0.554000 0.221642 0.123687
1 0.672676 0.430633 0.174606 0.081672
1 0.217964 0.428687 0.159254 0.093375
1 0.539083 0.355852 0.136844 0.084859
1 0.122420 0.320250 0.116311 0.071031
1 0.719307 0.867922 0.344371 0.186312
1 0.516567 0.595453 0.214712 0.137344
1 0.610608 0.271625 0.118785 0.071688
1 0.300341 0.380703 0.054499 0.080906
1 0.164787 0.257055 0.094222 0.057547
1 0.472527 0.302984 0.073326 0.068656
1 0.327942 0.238305 0.083305 0.045516
1 0.316631 0.142969 0.586354 0.285938