0 0.643305 0.847396 0.027891 0.117708
0 0.770375 0.923208 0.032969 0.042875
0 0.989570 0.877615 0.007859 0.032063
0 0.610484 0.829292 0.018844 0.081458
0 0.521867 0.817229 0.012016 0.018708
0 0.337781 0.804885 0.015906 0.031271
0 0.951898 0.874167 0.009516 0.031958
0 0.811758 0.874052 0.024734 0.077229
0 0.962430 0.873906 0.006266 0.031354
1 0.173758 0.837115 0.107922 0.069771
0 0.489156 0.817760 0.017906 0.025354
0 0.792273 0.870521 0.012703 0.073042
0 0.884539 0.870635 0.013078 0.035646
0 0.899062 0.861354 0.010719 0.018500
0 0.692187 0.843750 0.459375 0.075000