3 0.126962 0.434391 0.076817 0.231937
3 0.798888 0.382469 0.049566 0.160719
3 0.289132 0.356992 0.049005 0.078422
4 0.948797 0.507883 0.099042 0.130641
4 0.842948 0.506437 0.068716 0.108844
0 0.523734 0.563586 0.780235 0.843203
3 0.371528 0.393477 0.057993 0.104984
3 0.449403 0.411477 0.063363 0.122078
3 0.248092 0.380391 0.040307 0.121469
3 0.186582 0.360820 0.028318 0.052672
0 0.840036 0.826969 0.317288 0.346062
3 0.766483 0.345797 0.018318 0.083656
3 0.774204 0.330867 0.032676 0.069016
3 0.228499 0.372922 0.053092 0.111844
6 0.117532 0.538906 0.045841 0.050000