2 0.345883 0.607009 0.025766 0.057241
1 0.083000 0.627561 0.142906 0.171898
1 0.321391 0.593841 0.058719 0.066358
1 0.291500 0.586788 0.034719 0.056623
1 0.041984 0.543521 0.071250 0.024614
0 0.195617 0.720110 0.082672 0.533466
0 0.260102 0.675099 0.088922 0.346667
0 0.953141 0.652296 0.033313 0.175011
1 0.026078 0.572826 0.038406 0.028918
0 0.974258 0.642704 0.031516 0.162627
0 0.571680 0.525243 0.022547 0.044481
1 0.132859 0.524923 0.065844 0.032185
0 0.362391 0.552417 0.007062 0.019183
0 0.606664 0.535717 0.016172 0.029360