0 0.921102 0.631475 0.111859 0.320562
0 0.217359 0.518583 0.019813 0.131405
0 0.239539 0.500340 0.030109 0.120117
0 0.271453 0.488899 0.031031 0.085808
0 0.573648 0.710480 0.099047 0.321054
0 0.347867 0.463689 0.019359 0.068080
0 0.447969 0.504169 0.030125 0.092927
0 0.399570 0.510164 0.030391 0.092131
0 0.681406 0.519707 0.039031 0.135902
0 0.808430 0.493267 0.015422 0.105972
0 0.193945 0.545843 0.066453 0.195902
0 0.800609 0.494344 0.015844 0.098759
2 0.423180 0.483372 0.018234 0.047541
0 0.064953 0.521464 0.034781 0.128595
0 0.440625 0.500000 0.853125 0.170960