3 0.677672 0.798656 0.033063 0.082271
4 0.081469 0.861854 0.158406 0.250000
4 0.448391 0.782792 0.141937 0.210750
4 0.608758 0.713927 0.067547 0.130396
4 0.684805 0.693646 0.057141 0.115958
4 0.960313 0.653781 0.063250 0.064229
4 0.796367 0.633875 0.026766 0.021875
4 0.748398 0.680677 0.040328 0.094937
4 0.872102 0.618240 0.019516 0.032396
3 0.704195 0.789250 0.030391 0.079167
6 0.345773 0.544854 0.020391 0.036167
6 0.380664 0.539427 0.012016 0.016646
6 0.368609 0.504250 0.027594 0.033250
6 0.397828 0.512948 0.005844 0.011271
4 0.888727 0.658750 0.080734 0.047042
4 0.837625 0.563490 0.063875 0.074854
4 0.843203 0.589625 0.068594 0.068583
4 0.834203 0.587354 0.061625 0.076208
3 0.649320 0.799885 0.035641 0.070979
3 0.845852 0.668708 0.013828 0.032792
3 0.827133 0.669438 0.013359 0.031417
3 0.702078 0.488396 0.005750 0.019208
6 0.346664 0.504854 0.018453 0.031333
6 0.365180 0.541719 0.019297 0.024813
6 0.389383 0.508208 0.007234 0.016917
6 0.414547 0.544677 0.009969 0.025354
6 0.381047 0.505698 0.009531 0.020646
4 0.710102 0.683688 0.031516 0.089750
6 0.401719 0.541927 0.014125 0.024687
4 0.900000 0.604167 0.196875 0.129167