2 0.151375 0.312365 0.113344 0.245152
2 0.327445 0.321206 0.101766 0.218009
2 0.248172 0.329075 0.107969 0.209532
1 0.360141 0.674192 0.533750 0.419344
0 0.557461 0.498208 0.051922 0.212155
0 0.520594 0.489110 0.041438 0.177237
0 0.691172 0.544953 0.065969 0.357307
0 0.853266 0.508724 0.025031 0.210843
0 0.808313 0.566042 0.094031 0.334988
0 0.741047 0.516241 0.039156 0.188782
0 0.476055 0.468747 0.043922 0.138618
0 0.886422 0.547670 0.059219 0.291030
0 0.974344 0.572611 0.051313 0.412155
0 0.091656 0.521335 0.028063 0.137939
0 0.447516 0.451979 0.035594 0.108220
0 0.937805 0.486956 0.037484 0.130351
1 0.071570 0.457763 0.027141 0.033279
0 0.830891 0.457471 0.032250 0.096768