2 0.654914 0.650353 0.009734 0.028910
1 0.574930 0.629241 0.077828 0.037329
1 0.608602 0.622468 0.055047 0.033440
1 0.623961 0.616528 0.038078 0.028098
1 0.730875 0.631175 0.029875 0.043034
1 0.649930 0.614103 0.022484 0.015769
2 0.336398 0.665011 0.015609 0.032585
0 0.799719 0.658291 0.015469 0.051325
0 0.100945 0.649786 0.018016 0.056838
0 0.654234 0.629647 0.011031 0.013782
0 0.757211 0.639936 0.006547 0.037650
0 0.336656 0.651218 0.013437 0.052521
0 0.849047 0.680203 0.019375 0.072500
0 0.455891 0.638739 0.007969 0.042778
0 0.011359 0.664840 0.020219 0.071218
0 0.031039 0.660075 0.018047 0.070064
0 0.179875 0.654840 0.015781 0.058226
0 0.068391 0.667115 0.020094 0.070940
0 0.706734 0.622735 0.003719 0.018376
1 0.502969 0.623088 0.016188 0.023141
1 0.677930 0.618130 0.024109 0.029338
1 0.710516 0.607906 0.017688 0.021538