3 0.127891 0.628414 0.009906 0.044265
3 0.104031 0.620788 0.013531 0.031870
4 0.437055 0.886513 0.202234 0.204496
4 0.432516 0.811912 0.023781 0.198697
4 0.075438 0.760620 0.088344 0.081324
4 0.026680 0.738246 0.053359 0.144055
4 0.898555 0.833697 0.073922 0.129202
4 0.159867 0.618078 0.014453 0.025441
4 0.628445 0.760683 0.040547 0.098172
0 0.714562 0.793981 0.288500 0.385651
0 0.344297 0.766733 0.187188 0.438214
0 0.271695 0.644013 0.069203 0.155336
0 0.124336 0.630809 0.081734 0.177668
0 0.466617 0.695221 0.067578 0.206618
6 0.706141 0.933025 0.062938 0.056807
6 0.261727 0.744107 0.029797 0.043046
6 0.223211 0.721849 0.022141 0.037647
6 0.119414 0.642836 0.013922 0.030420
6 0.838781 0.966103 0.055813 0.065483
0 0.613258 0.281008 0.050297 0.108109
0 0.135227 0.557111 0.015703 0.019937
0 0.054266 0.676218 0.107469 0.261218
0 0.976453 0.251082 0.045281 0.040021
4 0.677602 0.725462 0.016828 0.022017
4 0.235656 0.956744 0.117000 0.069664
4 0.948875 0.809443 0.048688 0.129601
4 0.575422 0.731849 0.029469 0.088487
0 0.168656 0.613393 0.033719 0.068004
0 0.053938 0.549506 0.024406 0.039559
4 0.625641 0.718887 0.055688 0.082899
4 0.087602 0.902374 0.149828 0.195252