1 0.859648 0.492646 0.208609 0.133496
1 0.477375 0.450010 0.068531 0.052207
0 0.636008 0.716826 0.156453 0.553770
0 0.748883 0.679600 0.138109 0.513457
0 0.512133 0.488389 0.071891 0.130059
0 0.972023 0.498682 0.033016 0.146035
0 0.340391 0.479590 0.035250 0.054062
0 0.280438 0.484238 0.047656 0.130391
0 0.047000 0.437773 0.017781 0.049102
2 0.295242 0.524473 0.149641 0.081953
2 0.482141 0.553447 0.104875 0.094512
1 0.435445 0.449668 0.037984 0.060430
1 0.186109 0.455586 0.054688 0.067227
0 0.917070 0.507490 0.038047 0.111113
1 0.400961 0.445010 0.045953 0.050449
1 0.014453 0.473242 0.028906 0.095898
0 0.467023 0.487393 0.038391 0.062910
1 0.948539 0.493447 0.102922 0.099941