2 0.795906 0.681125 0.016781 0.075500
0 0.436594 0.671104 0.100125 0.139833
0 0.650609 0.599865 0.013344 0.027563
0 0.625758 0.619687 0.041828 0.074500
0 0.723773 0.595198 0.031891 0.077063
0 0.794945 0.621135 0.052422 0.151854
0 0.406180 0.570531 0.004578 0.019104
0 0.984859 0.590198 0.030281 0.067354
0 0.188031 0.600615 0.016375 0.039562
0 0.180609 0.600656 0.009125 0.046396
0 0.152922 0.613229 0.013281 0.033458
0 0.142445 0.612771 0.010453 0.036583
2 0.724945 0.643073 0.023359 0.069937
1 0.926828 0.582896 0.061844 0.046250
0 0.974148 0.590125 0.025859 0.059458
2 0.992984 0.586156 0.014031 0.029479
1 0.958031 0.569594 0.024938 0.026187
1 0.855047 0.571719 0.054500 0.031104
0 0.281016 0.589698 0.010469 0.032854
1 0.898953 0.569010 0.038500 0.037354
1 0.798438 0.568448 0.057781 0.027438
1 0.761055 0.568469 0.020734 0.010896
0 0.303125 0.583333 0.350000 0.070833