0 0.163000 0.534844 0.024906 0.045979
0 0.212219 0.525115 0.019906 0.082479
0 0.789156 0.486698 0.014313 0.051479
1 0.553164 0.515823 0.089266 0.108021
1 0.292016 0.664312 0.176875 0.224125
1 0.380875 0.570396 0.086406 0.092042
0 0.037344 0.803323 0.074687 0.275438
0 0.168102 0.689344 0.048984 0.196687
0 0.970703 0.690115 0.058594 0.180854
0 0.503008 0.450771 0.012703 0.038375
1 0.539641 0.473010 0.054500 0.052604
1 0.848820 0.638823 0.144703 0.157646
1 0.758125 0.562833 0.103062 0.121583
1 0.432937 0.493260 0.080406 0.077104
1 0.705305 0.550542 0.053016 0.089542
1 0.788328 0.598542 0.105813 0.128458
1 0.349891 0.626594 0.083625 0.153396
1 0.380398 0.610750 0.055141 0.121583
1 0.647234 0.479927 0.057937 0.073396
1 0.371430 0.581427 0.089359 0.093562
1 0.618750 0.541667 0.534375 0.275000