4 0.915375 0.483914 0.082625 0.098828
1 0.080531 0.330047 0.075063 0.051000
0 0.611055 0.615812 0.187797 0.436969
0 0.758039 0.601000 0.187859 0.384156
0 0.295484 0.440961 0.100750 0.298328
0 0.357766 0.434359 0.068187 0.300969
0 0.465672 0.439125 0.073375 0.217156
0 0.533898 0.410648 0.092484 0.257453
0 0.180172 0.431609 0.102500 0.258625
0 0.039031 0.420484 0.078063 0.233781
0 0.702273 0.439078 0.108484 0.251906
0 0.427461 0.303133 0.038797 0.028953
0 0.880656 0.425133 0.071469 0.129422
0 0.643500 0.370633 0.030719 0.061703
1 0.046617 0.292039 0.078234 0.051297
4 0.123172 0.432266 0.047875 0.071781
4 0.085445 0.441547 0.025609 0.041219
4 0.960008 0.451703 0.033109 0.055844
4 0.917125 0.422047 0.018656 0.034313
0 0.775828 0.393578 0.047344 0.051625
0 0.498437 0.365625 0.834375 0.178125