3 0.145289 0.880265 0.109734 0.183872
4 0.529008 0.516337 0.076922 0.266825
4 0.622430 0.593050 0.145578 0.223705
0 0.788031 0.497758 0.423937 0.982033
6 0.543711 0.729499 0.082484 0.130306
6 0.305680 0.874164 0.137391 0.229220
6 0.313484 0.469359 0.044750 0.054485
6 0.448125 0.893259 0.127312 0.213482
0 0.303922 0.207019 0.012344 0.041448
3 0.061914 0.921309 0.118016 0.124680
4 0.056820 0.703900 0.099078 0.109081
6 0.101437 0.431992 0.023594 0.050780
6 0.028273 0.528969 0.056547 0.078830
4 0.259539 0.283593 0.039516 0.118050