3 0.855742 0.686083 0.053484 0.203556
4 0.022023 0.571806 0.039016 0.427278
4 0.153352 0.402722 0.056078 0.150444
4 0.937430 0.585208 0.125141 0.413083
4 0.650109 0.364125 0.088781 0.065306
4 0.971609 0.393903 0.056781 0.059194
4 0.768086 0.376097 0.069297 0.102583
4 0.333672 0.495972 0.103531 0.210056
0 0.526398 0.341722 0.286609 0.461333
6 0.728383 0.701417 0.060766 0.152278
6 0.343047 0.776458 0.136219 0.428250
4 0.586922 0.520458 0.050094 0.048417
3 0.792492 0.685944 0.056547 0.224000
6 0.224484 0.503250 0.058469 0.124889