0 0.523133 0.422576 0.017328 0.088571
0 0.538117 0.427272 0.022734 0.107752
0 0.485852 0.418700 0.013859 0.088220
0 0.326313 0.462237 0.030687 0.091124
0 0.190359 0.370585 0.016844 0.081358
0 0.204078 0.368185 0.013062 0.060445
0 0.199422 0.334344 0.009781 0.041522
0 0.176156 0.364953 0.015063 0.080913
0 0.610961 0.247190 0.019484 0.071897
0 0.161430 0.374696 0.014641 0.065035
0 0.157078 0.367084 0.020125 0.081101
0 0.135008 0.369415 0.014422 0.072787
2 0.612695 0.267681 0.012609 0.048337
1 0.515594 0.518888 0.227469 0.120398
1 0.155750 0.452775 0.196156 0.097728
1 0.248477 0.422272 0.113953 0.106370
1 0.235633 0.273724 0.054891 0.069227
1 0.209906 0.896253 0.197906 0.188759
1 0.659828 0.241370 0.048094 0.058384
1 0.731195 0.341546 0.086078 0.077892
1 0.943039 0.817974 0.113922 0.143817
1 0.864812 0.915785 0.267469 0.168431
1 0.450891 0.890597 0.152344 0.217260
1 0.385461 0.362342 0.078297 0.083232
1 0.496859 0.969415 0.146000 0.037658
0 0.119211 0.387600 0.021984 0.040632
1 0.048609 0.424742 0.094281 0.057447
0 0.442969 0.382904 0.742188 0.559719
1 0.499219 0.357143 0.995313 0.578454