2 0.986469 0.666008 0.027062 0.030328
2 0.712677 0.901781 0.072438 0.023281
2 0.910781 0.656469 0.051063 0.047281
4 0.842000 0.939883 0.074042 0.058297
4 0.653479 0.945477 0.144167 0.109047
4 0.273500 0.953633 0.131875 0.092734
4 0.798583 0.891336 0.037833 0.056734
4 0.038323 0.950453 0.076646 0.097531
0 0.896417 0.641359 0.050958 0.077875
0 0.833740 0.644336 0.035438 0.046266
4 0.129062 0.951430 0.147583 0.097141
4 0.750323 0.885609 0.063396 0.037125
4 0.944198 0.929453 0.085521 0.063406
4 0.967135 0.892086 0.065729 0.014672