1 0.072703 0.724039 0.097125 0.099214
0 0.586828 0.814214 0.051687 0.175328
0 0.645984 0.800175 0.049875 0.177467
0 0.724602 0.821026 0.069234 0.272969
2 0.870008 0.885393 0.109359 0.157293
0 0.977445 0.882773 0.045109 0.127948
0 0.866117 0.893155 0.029734 0.099978
0 0.843945 0.785393 0.026641 0.074105
0 0.757688 0.823013 0.015406 0.126594
2 0.835734 0.820491 0.029031 0.081987
2 0.778352 0.754509 0.031172 0.045830
2 0.585117 0.763996 0.070047 0.076201
1 0.191883 0.723701 0.104953 0.091638
0 0.895125 0.819880 0.023688 0.046223
0 0.806625 0.721310 0.009344 0.016201
2 0.909016 0.809443 0.022625 0.069541
2 0.955016 0.743614 0.036844 0.042511