2 0.442640 0.508033 0.007440 0.028438
1 0.210560 0.501306 0.081320 0.082853
1 0.354950 0.495135 0.046540 0.050030
1 0.053740 0.534790 0.107480 0.176126
1 0.295320 0.491111 0.025920 0.032252
1 0.265430 0.490240 0.045460 0.046366
1 0.324470 0.492027 0.023820 0.032943
0 0.609380 0.517102 0.075840 0.412342
0 0.846060 0.560811 0.089280 0.447628
0 0.729040 0.453784 0.063560 0.263784
0 0.553350 0.534595 0.077980 0.283904
0 0.686210 0.559550 0.067340 0.476396
0 0.753760 0.552748 0.114000 0.541892
0 0.923250 0.622763 0.091500 0.635135
0 0.442880 0.484805 0.012480 0.058318
2 0.420340 0.537778 0.016960 0.055255
0 0.914930 0.430706 0.091980 0.229820
0 0.565170 0.441126 0.027140 0.094444
0 0.509460 0.476006 0.013800 0.061141
0 0.703180 0.384009 0.020680 0.056907
1 0.388180 0.483739 0.014240 0.020150
0 0.658480 0.400375 0.022840 0.034324
0 0.398000 0.500000 0.212000 0.147147