4 0.665734 0.237844 0.123156 0.103896
4 0.953562 0.549135 0.092875 0.205187
4 0.871578 0.310667 0.139656 0.087708
4 0.892023 0.323167 0.094609 0.087500
4 0.685188 0.225156 0.042688 0.099437
0 0.322086 0.198458 0.048359 0.252000
0 0.371195 0.206729 0.061609 0.236708
0 0.412844 0.202115 0.062562 0.220812
0 0.477266 0.193594 0.078625 0.236854
0 0.828008 0.130687 0.060672 0.233542
0 0.924367 0.441490 0.151266 0.398354
0 0.905828 0.143500 0.032875 0.090000
0 0.899703 0.348438 0.166094 0.251750
0 0.932055 0.171490 0.045891 0.140979
0 0.769523 0.113802 0.068453 0.152479
0 0.636750 0.153479 0.035969 0.077208
0 0.868102 0.372573 0.175016 0.368229
0 0.605930 0.164125 0.024391 0.034333
0 0.719531 0.130208 0.557813 0.131250