0 0.251125 0.502250 0.502250 0.973042
0 0.102453 0.329802 0.204906 0.535813
0 0.701359 0.494885 0.593906 0.980187
0 0.597320 0.541802 0.171141 0.357938
3 0.858180 0.137604 0.064922 0.097958
3 0.894023 0.124281 0.093984 0.118521
3 0.959195 0.121646 0.081234 0.122417
3 0.932492 0.121969 0.086484 0.122146
3 0.976414 0.133542 0.047172 0.084125
3 0.989555 0.136458 0.020891 0.074958
3 0.856508 0.024438 0.039016 0.048875
3 0.903195 0.129781 0.075391 0.108771
3 0.864219 0.029958 0.053969 0.059917
3 0.894898 0.025458 0.032484 0.046250
3 0.920219 0.020562 0.031469 0.040375
3 0.756633 0.224271 0.030516 0.128458