2 0.534242 0.631725 0.162109 0.249866
2 0.732133 0.855829 0.315297 0.278663
2 0.677375 0.971684 0.118125 0.034385
2 0.064719 0.868824 0.129438 0.240856
2 0.468648 0.371497 0.053266 0.195775
2 0.609516 0.490321 0.075406 0.219358
2 0.363883 0.387246 0.065297 0.171979
0 0.499609 0.540588 0.091375 0.465615
0 0.792727 0.791658 0.192953 0.416684
0 0.272820 0.726203 0.108172 0.346952
0 0.640023 0.446484 0.110484 0.373075
0 0.312422 0.554465 0.072969 0.433102
0 0.474187 0.253356 0.062187 0.235963
0 0.616773 0.165281 0.031297 0.174305
0 0.663602 0.136176 0.027547 0.120588
0 0.749180 0.059184 0.016016 0.075535
0 0.843078 0.600000 0.110312 0.539305
0 0.353703 0.678289 0.109062 0.354545
0 0.701289 0.115521 0.024391 0.130722
2 0.417187 0.259666 0.050562 0.178690
1 0.359336 0.234238 0.098203 0.264412
0 0.748570 0.657714 0.149203 0.389011
0 0.408594 0.505348 0.814063 0.983957