2 0.846797 0.890813 0.271687 0.218375
2 0.346664 0.846844 0.240578 0.251312
2 0.934766 0.738823 0.128750 0.125188
2 0.704375 0.742427 0.022437 0.060937
0 0.343977 0.784469 0.116359 0.427229
0 0.171469 0.773844 0.117219 0.452313
0 0.670148 0.682031 0.049922 0.198021
0 0.506102 0.617885 0.026766 0.071604
0 0.533352 0.609354 0.022328 0.074167
0 0.621148 0.631719 0.030391 0.095312
0 0.620695 0.877615 0.109391 0.244771
0 0.517414 0.852115 0.117984 0.249438
0 0.926797 0.601562 0.021125 0.035583
0 0.209336 0.609542 0.034641 0.079542
0 0.407867 0.643385 0.094391 0.222479
0 0.073766 0.602885 0.027625 0.078729
2 0.260297 0.799385 0.112125 0.113396
2 0.778719 0.729458 0.121687 0.133667
2 0.672352 0.731219 0.029766 0.117688
2 0.604055 0.638177 0.024297 0.050438
2 0.863555 0.731198 0.070672 0.109604
2 0.010492 0.687562 0.020766 0.083125
0 0.050328 0.597104 0.029156 0.051458
2 0.554492 0.723302 0.137422 0.109229
2 0.592352 0.702073 0.021266 0.026104
0 0.499219 0.693750 0.998437 0.279167
2 0.462500 0.733333 0.762500 0.433333