2 0.056422 0.640222 0.053219 0.105644
2 0.765313 0.649016 0.061437 0.120749
2 0.947117 0.630480 0.011453 0.065925
0 0.547992 0.527412 0.223391 0.615714
0 0.281523 0.574532 0.019109 0.104473
0 0.265492 0.569637 0.011516 0.074403
0 0.617242 0.606452 0.025422 0.073934
0 0.766258 0.598407 0.052297 0.127073
0 0.812977 0.603958 0.049734 0.217002
0 0.871547 0.600422 0.051281 0.229742
0 0.045531 0.562553 0.026250 0.090164
0 0.430844 0.602002 0.039156 0.071358
0 0.678836 0.596569 0.020672 0.078665
0 0.072898 0.564075 0.020484 0.051756
0 0.948047 0.599520 0.030906 0.114169
0 0.221797 0.567681 0.019688 0.081733
2 0.838055 0.631148 0.027234 0.095550
0 0.499219 0.578454 0.998437 0.192037