2 0.453680 0.862087 0.110320 0.275045
1 0.570140 0.423919 0.114880 0.067838
1 0.519220 0.382733 0.050160 0.038198
1 0.699540 0.370766 0.048120 0.035766
0 0.157540 0.593048 0.306120 0.813904
0 0.441770 0.657943 0.171340 0.662192
0 0.752060 0.661802 0.243960 0.649429
0 0.335610 0.466186 0.128260 0.285405
1 0.677570 0.404865 0.066620 0.047748
0 0.011400 0.428559 0.014680 0.024625
1 0.494210 0.370060 0.017900 0.021081
1 0.214230 0.408153 0.032220 0.030240
0 0.297810 0.650105 0.188620 0.677327
1 0.398540 0.412072 0.022520 0.027508
2 0.335360 0.711156 0.076480 0.423273