4 0.127998 0.487247 0.087761 0.094853
4 0.304265 0.440539 0.027157 0.105425
4 0.336724 0.382451 0.057337 0.043007
6 0.373971 0.660368 0.051732 0.052271
6 0.114379 0.848350 0.040033 0.048922
3 0.307958 0.846577 0.018824 0.051422
4 0.475294 0.449510 0.085098 0.125196
4 0.429510 0.384077 0.028595 0.022565
4 0.541650 0.382982 0.034020 0.043578
4 0.411806 0.462288 0.039265 0.032255
4 0.394011 0.368578 0.023644 0.027647
0 0.208203 0.520466 0.238627 0.338775
0 0.398587 0.503546 0.249428 0.235980
0 0.209967 0.203154 0.368562 0.250359
0 0.092402 0.831838 0.148399 0.250343
3 0.279477 0.849069 0.027712 0.060556
4 0.492549 0.370964 0.028399 0.028399
4 0.564085 0.727141 0.056471 0.052647
6 0.922606 0.098497 0.113023 0.146209