2 0.145802 0.644859 0.086813 0.165813
2 0.269021 0.595391 0.057083 0.118094
2 0.431781 0.528836 0.028313 0.053953
0 0.150604 0.583258 0.114708 0.220547
0 0.225969 0.510164 0.029396 0.051672
0 0.329646 0.522148 0.037250 0.095766
0 0.373490 0.501539 0.030313 0.057984
0 0.434281 0.512578 0.043896 0.085187
0 0.509042 0.497789 0.043875 0.067984
0 0.392833 0.509227 0.040083 0.074953
2 0.221135 0.578875 0.032188 0.070688
0 0.421354 0.474641 0.022000 0.024281
0 0.383958 0.488484 0.015042 0.038062
2 0.322990 0.557547 0.033354 0.074656
2 0.389188 0.531023 0.027917 0.055422
2 0.367375 0.526258 0.021333 0.047578
0 0.208229 0.538984 0.057542 0.115406
0 0.274635 0.556422 0.079562 0.181250