2 0.346676 0.738695 0.038850 0.065672
0 0.462066 0.727828 0.221715 0.361375
0 0.205185 0.684562 0.060039 0.179875
0 0.140409 0.701133 0.046589 0.117109
0 0.017368 0.686578 0.034737 0.181406
0 0.263099 0.687586 0.119415 0.190797
0 0.388216 0.698219 0.075848 0.147469
1 0.232505 0.619094 0.031832 0.017938
1 0.225175 0.600688 0.026257 0.007437
1 0.147232 0.608758 0.038713 0.023359
0 0.080049 0.699437 0.103723 0.166563
0 0.081706 0.628898 0.038070 0.067766
0 0.780926 0.759266 0.063372 0.040906
2 0.373665 0.734883 0.012982 0.033984
0 0.035214 0.600727 0.020565 0.038766
0 0.101852 0.602016 0.017856 0.035031
0 0.051238 0.687234 0.036355 0.160219
1 0.145585 0.605914 0.041813 0.026453
1 0.243538 0.601102 0.041345 0.020484
1 0.118070 0.603555 0.049045 0.029359
1 0.222768 0.594055 0.037466 0.012328