4 0.372789 0.302877 0.104141 0.171151
4 0.448484 0.302312 0.109469 0.172639
0 0.142461 0.325843 0.111484 0.462917
0 0.605500 0.563532 0.291938 0.646151
0 0.723344 0.123720 0.072344 0.167599
0 0.784633 0.099722 0.078578 0.145635
0 0.863594 0.120218 0.092031 0.164048
0 0.952477 0.162877 0.095047 0.078968
0 0.813937 0.039256 0.032531 0.076885
0 0.830422 0.056141 0.053719 0.112282
0 0.948602 0.095069 0.102797 0.172163
0 0.891789 0.061409 0.058922 0.122817
0 0.928117 0.039425 0.038484 0.059643
3 0.509953 0.361240 0.010781 0.048988
0 0.756625 0.050000 0.034187 0.100000
4 0.426617 0.347123 0.011797 0.073254