1 0.566508 0.544979 0.029453 0.038625
0 0.956625 0.626677 0.021781 0.107771
0 0.931664 0.618146 0.037047 0.125833
0 0.692609 0.577208 0.018688 0.061542
0 0.669234 0.575448 0.025812 0.072646
0 0.707227 0.578927 0.015766 0.057979
0 0.903438 0.633052 0.036156 0.098896
0 0.467031 0.546313 0.012344 0.041542
0 0.027781 0.561563 0.015969 0.064500
0 0.643078 0.530292 0.004500 0.016167
0 0.013477 0.564427 0.021797 0.066854
0 0.326414 0.400260 0.027641 0.064646
1 0.568180 0.524219 0.016016 0.005938
0 0.732477 0.575323 0.013672 0.059562