6 0.822758 0.709927 0.102234 0.140938
6 0.302773 0.489750 0.035859 0.062042
6 0.497008 0.437573 0.030703 0.048979
6 0.527680 0.443292 0.032891 0.062167
6 0.207516 0.262302 0.067562 0.160438
6 0.153523 0.326875 0.065297 0.135000
6 0.101320 0.332604 0.062266 0.127833
6 0.872305 0.667010 0.060047 0.131937
6 0.654813 0.533219 0.055594 0.091938
3 0.818750 0.480010 0.061687 0.171354
6 0.429883 0.448750 0.032109 0.055125
6 0.337539 0.488781 0.032516 0.065021
6 0.718828 0.494812 0.062344 0.054542
3 0.245328 0.639229 0.106844 0.262292
6 0.729664 0.744885 0.110797 0.150854
6 0.428125 0.647917 0.718750 0.641667