2 0.585773 0.836393 0.465453 0.304543
2 0.536953 0.916581 0.042406 0.166838
0 0.269875 0.573033 0.290875 0.831452
0 0.149977 0.502096 0.072859 0.349813
0 0.076695 0.479918 0.127359 0.352670
0 0.912875 0.514649 0.097688 0.459461
0 0.803453 0.441745 0.090063 0.300304
0 0.662687 0.404485 0.083969 0.242693
0 0.969156 0.348103 0.061687 0.209555
0 0.520406 0.449415 0.102031 0.418829
0 0.427227 0.485667 0.056859 0.372881
0 0.447492 0.455749 0.056578 0.316557
0 0.827977 0.323197 0.039078 0.094590
0 0.693352 0.369344 0.039234 0.168806
0 0.855672 0.364286 0.025688 0.116862
0 0.482031 0.471897 0.964063 0.414520