2 0.752760 0.818438 0.194400 0.189009
2 0.631860 0.773453 0.120240 0.170691
2 0.918570 0.796171 0.155500 0.151261
0 0.235220 0.712898 0.320280 0.543814
0 0.545710 0.727913 0.299500 0.544174
0 0.538500 0.630646 0.054000 0.137387
0 0.619790 0.678393 0.094260 0.236186
0 0.683040 0.649159 0.046360 0.111892
0 0.766060 0.725195 0.111560 0.285345
0 0.875450 0.685961 0.052020 0.125495
0 0.935730 0.739775 0.074060 0.246336
0 0.279470 0.712207 0.102820 0.489279
0 0.312790 0.614234 0.059860 0.200000
0 0.033800 0.849820 0.067600 0.112733
2 0.338890 0.873138 0.073140 0.226036
0 0.971700 0.701261 0.038600 0.065225
2 0.858350 0.729685 0.067500 0.123453
2 0.976190 0.755015 0.032380 0.072673