4 0.735250 0.140023 0.058344 0.074005
4 0.608719 0.068536 0.065969 0.078665
4 0.738008 0.071604 0.067953 0.076042
4 0.540828 0.069309 0.058875 0.078431
4 0.472039 0.068642 0.061484 0.082342
4 0.678000 0.072705 0.062000 0.077447
0 0.103859 0.474052 0.207719 0.945902
0 0.546406 0.453068 0.360531 0.541686
0 0.875336 0.140527 0.032984 0.053888
0 0.805398 0.148899 0.062734 0.157049
0 0.089273 0.075480 0.071516 0.135831
0 0.344422 0.108571 0.126469 0.217143
0 0.962484 0.131628 0.024625 0.044098
0 0.224844 0.103852 0.118906 0.207705
0 0.988867 0.163970 0.022266 0.118571
4 0.531141 0.124379 0.064344 0.064918
4 0.599453 0.130246 0.063656 0.061101
0 0.773023 0.018478 0.053609 0.036956
0 0.306031 0.400000 0.189844 0.693536