3 0.367828 0.142552 0.011031 0.075938
3 0.378672 0.146323 0.017313 0.079604
3 0.311352 0.144344 0.015578 0.087604
4 0.751844 0.345656 0.076281 0.135979
4 0.617414 0.373677 0.093297 0.160312
3 0.356984 0.149844 0.012937 0.065812
3 0.297297 0.121396 0.015656 0.043000
3 0.437875 0.151094 0.018844 0.063854
3 0.283461 0.175573 0.008047 0.030271
6 0.251859 0.177031 0.013813 0.028146
6 0.346984 0.536521 0.026000 0.050500
4 0.234852 0.765646 0.469328 0.467792
3 0.369250 0.157146 0.010812 0.058458
3 0.342250 0.157302 0.018313 0.060146
3 0.331508 0.174094 0.005172 0.025229
5 0.383969 0.481865 0.128875 0.134604