0 0.320102 0.566437 0.069266 0.261250
0 0.203500 0.553604 0.078781 0.262583
0 0.223453 0.569469 0.034250 0.234104
0 0.128945 0.540656 0.058328 0.188896
0 0.147656 0.492312 0.016219 0.081458
0 0.415313 0.510927 0.025344 0.088104
0 0.453945 0.482271 0.015891 0.051125
0 0.542430 0.517917 0.020016 0.071167
0 0.946203 0.520979 0.050000 0.147542
0 0.387617 0.501208 0.029109 0.104000
0 0.669922 0.537510 0.031031 0.091188
0 0.561859 0.505135 0.023438 0.094188
2 0.609375 0.537156 0.044281 0.030521
0 0.816859 0.670792 0.222875 0.540042
0 0.499219 0.497917 0.998437 0.187500