0 0.187500 0.717344 0.361500 0.545063
0 0.275047 0.796125 0.247969 0.404958
0 0.126688 0.543917 0.101344 0.241000
0 0.528687 0.692573 0.242438 0.294229
0 0.484930 0.610750 0.127047 0.125458
0 0.686891 0.732094 0.119406 0.320521
0 0.382859 0.622729 0.089125 0.179708
0 0.228773 0.568740 0.076953 0.098104
0 0.454031 0.604302 0.051719 0.126438
3 0.572039 0.792042 0.032422 0.174333
3 0.541078 0.770167 0.030844 0.148792
3 0.209219 0.374260 0.013750 0.060562
3 0.252320 0.372385 0.011078 0.064812
3 0.279734 0.376167 0.011687 0.058833
3 0.307375 0.373750 0.012156 0.063083
3 0.747617 0.342073 0.019516 0.088813
3 0.776250 0.325469 0.029469 0.110021
3 0.809078 0.311823 0.017219 0.106771
3 0.848578 0.302302 0.030250 0.104104
3 0.602625 0.809385 0.034719 0.149688
3 0.888125 0.289990 0.027844 0.112021
0 0.279141 0.595458 0.090063 0.086125
0 0.554477 0.539458 0.035203 0.048083
0 0.355078 0.568469 0.060375 0.127312
3 0.416328 0.719094 0.017188 0.122229
3 0.614062 0.671875 0.562500 0.652083