1 0.209445 0.643365 0.084047 0.079896
1 0.273062 0.633385 0.049312 0.042312
0 0.562883 0.854865 0.133547 0.290271
0 0.870477 0.753219 0.046047 0.076396
0 0.727727 0.701208 0.022359 0.037917
0 0.793531 0.777052 0.055656 0.169729
0 0.927812 0.861323 0.137469 0.277354
0 0.351000 0.740698 0.052750 0.198187
1 0.812180 0.698406 0.048891 0.047521
0 0.421320 0.700458 0.043734 0.124750
0 0.268211 0.783625 0.102578 0.213000
0 0.405617 0.693312 0.024047 0.089667
0 0.733953 0.804052 0.086156 0.213979
0 0.191305 0.719396 0.074391 0.145625
0 0.577289 0.699052 0.036141 0.071979
0 0.270828 0.656906 0.029281 0.077687
0 0.651563 0.750000 0.115625 0.154167