3 0.211707 0.720720 0.069067 0.141880
3 0.819493 0.095220 0.081493 0.103120
6 0.134867 0.276170 0.094267 0.033020
6 0.332493 0.282630 0.073627 0.067700
6 0.132307 0.314880 0.094640 0.064360
6 0.320840 0.485730 0.060773 0.077140
6 0.251307 0.267160 0.101867 0.036440
6 0.361040 0.485910 0.039787 0.078940
6 0.327373 0.325530 0.088827 0.030860
6 0.254000 0.312710 0.098293 0.059620
6 0.278067 0.494420 0.047120 0.059960
6 0.248747 0.473580 0.051573 0.101520
6 0.127347 0.473450 0.039920 0.108020
6 0.178227 0.471850 0.058000 0.109820
6 0.196600 0.300780 0.093147 0.083840
6 0.377333 0.383000 0.050667 0.182000