1 0.814229 0.944617 0.329707 0.103547
0 0.303086 0.398570 0.048867 0.101953
0 0.396836 0.388117 0.048203 0.105141
0 0.339062 0.361750 0.047578 0.057500
0 0.350098 0.409656 0.043125 0.073969
0 0.264229 0.420867 0.040996 0.071109
2 0.541191 0.387844 0.036875 0.036625
4 0.447480 0.932484 0.033359 0.044938
0 0.428281 0.862992 0.025586 0.017922
1 0.976807 0.923586 0.046387 0.078672
4 0.219707 0.936406 0.050039 0.048688
4 0.333633 0.936766 0.027148 0.036562
4 0.355605 0.931023 0.015742 0.039578
4 0.585986 0.929453 0.032402 0.050844