3 0.634680 0.417459 0.031016 0.136323
3 0.432406 0.467986 0.017719 0.076206
3 0.463828 0.420258 0.015125 0.053677
4 0.594734 0.415422 0.024719 0.088782
4 0.704320 0.411827 0.121172 0.150023
6 0.447039 0.697295 0.040047 0.085176
6 0.717305 0.614344 0.037391 0.112108
0 0.790922 0.435164 0.356000 0.565644
0 0.955789 0.694379 0.088422 0.579766
0 0.520078 0.359356 0.125375 0.224567
0 0.407062 0.349438 0.142437 0.235972
0 0.202289 0.604063 0.314266 0.530843
0 0.285617 0.517424 0.175422 0.413489
0 0.940938 0.328583 0.106438 0.183630
6 0.410672 0.635808 0.028125 0.079578
6 0.696234 0.659227 0.037500 0.080609
6 0.464250 0.453958 0.017844 0.026745
6 0.687664 0.634321 0.037578 0.069578
0 0.230508 0.780187 0.457297 0.439625
0 0.222734 0.372037 0.062000 0.131569
0 0.816367 0.823595 0.280359 0.330328
3 0.589719 0.476089 0.020219 0.078314