4 0.334219 0.581896 0.144969 0.197375
4 0.235125 0.596448 0.056719 0.291437
4 0.035398 0.565167 0.060672 0.186500
4 0.479914 0.443771 0.044828 0.041125
4 0.089945 0.561823 0.057172 0.269063
0 0.540453 0.507865 0.919094 0.961813
0 0.815734 0.335948 0.050562 0.078646
0 0.420305 0.352479 0.052266 0.215583
0 0.519461 0.338396 0.059109 0.143583
0 0.465445 0.376458 0.029141 0.050792
0 0.490219 0.375323 0.023062 0.039813
0 0.579680 0.328781 0.089016 0.209187
0 0.051492 0.385229 0.100203 0.191208
0 0.386781 0.373010 0.039062 0.168646
0 0.915453 0.383146 0.169094 0.465167
3 0.142180 0.411417 0.023703 0.058125
6 0.357242 0.865135 0.116922 0.142479
6 0.238070 0.901917 0.127703 0.158333
6 0.483141 0.459646 0.023344 0.023333
6 0.041797 0.827656 0.083594 0.131812
0 0.332570 0.451052 0.179203 0.327521