2 0.911906 0.546719 0.061875 0.102354
2 0.300797 0.528646 0.030719 0.075500
0 0.402219 0.625615 0.113000 0.412062
0 0.098586 0.517177 0.052797 0.160396
0 0.150680 0.519260 0.042609 0.153979
0 0.194891 0.491198 0.026781 0.053729
0 0.163219 0.446229 0.020281 0.041667
0 0.303930 0.491500 0.035641 0.115208
0 0.138203 0.441677 0.016969 0.033688
0 0.559555 0.601125 0.117984 0.456167
0 0.652305 0.493990 0.034734 0.126479
2 0.355453 0.480469 0.019062 0.049271
0 0.685320 0.489042 0.030422 0.130542
0 0.606977 0.480479 0.036297 0.134875
0 0.728938 0.481750 0.032625 0.092167
2 0.007148 0.522604 0.014297 0.080208
0 0.792867 0.483063 0.027672 0.126750
2 0.170109 0.490792 0.020938 0.048708
0 0.719531 0.558333 0.557813 0.270833