3 0.348060 0.520188 0.054680 0.246125
4 0.885450 0.917488 0.229100 0.160925
0 0.783820 0.504125 0.409880 0.402250
0 0.181570 0.480900 0.197740 0.350550
0 0.277230 0.486388 0.094340 0.230425
0 0.597070 0.427900 0.197780 0.158250
6 0.354860 0.674837 0.059360 0.078075
6 0.221460 0.644225 0.052360 0.080350
0 0.729350 0.444050 0.092900 0.162000
0 0.056070 0.711850 0.112140 0.205400
0 0.724720 0.640075 0.550560 0.651700
4 0.124780 0.639150 0.073320 0.085950
4 0.305930 0.915750 0.130900 0.168500
4 0.061470 0.884850 0.119380 0.226100
4 0.799070 0.642237 0.060540 0.044175
6 0.594140 0.615275 0.051360 0.068450