0 0.807802 0.627250 0.318312 0.495500
0 0.586552 0.383359 0.040021 0.076219
0 0.501052 0.565023 0.164396 0.311453
0 0.648833 0.538563 0.156167 0.335062
0 0.899042 0.434000 0.136250 0.136063
0 0.642667 0.355055 0.037833 0.040234
0 0.695240 0.359258 0.029187 0.057391
0 0.555073 0.407055 0.071063 0.113609
0 0.852417 0.391391 0.064542 0.072281
1 0.497188 0.364719 0.076458 0.051438
1 0.667750 0.353125 0.032750 0.019906
1 0.562562 0.346555 0.126417 0.032516
1 0.905323 0.326945 0.023188 0.023203
1 0.714979 0.346570 0.030292 0.018797
0 0.757698 0.406695 0.052229 0.091766
0 0.768010 0.360258 0.052687 0.045609
1 0.710344 0.335547 0.082354 0.015688
1 0.898156 0.326820 0.040771 0.020672
1 0.938792 0.329078 0.056250 0.029406
0 0.686771 0.395664 0.066458 0.062891
0 0.722125 0.394281 0.046917 0.091531
0 0.722917 0.364063 0.500000 0.100000