3 0.690110 0.500427 0.043500 0.296797
3 0.612510 0.490641 0.045460 0.289893
3 0.573900 0.497295 0.040680 0.285623
3 0.521480 0.478292 0.042800 0.316940
3 0.473910 0.507776 0.042500 0.241673
3 0.370680 0.484253 0.050600 0.282384
3 0.649940 0.496246 0.035720 0.293416
4 0.334040 0.792135 0.221000 0.415730
0 0.522850 0.540445 0.126300 0.887651
0 0.754210 0.546851 0.196820 0.906299
0 0.913170 0.532189 0.173660 0.935623
0 0.418750 0.552616 0.160020 0.867794
0 0.304150 0.398648 0.105940 0.401210
0 0.169510 0.353968 0.174260 0.505943
0 0.046620 0.488594 0.093240 0.975267
0 0.615680 0.566281 0.147760 0.844947
6 0.690560 0.591922 0.039960 0.108043