0 0.114359 0.840129 0.142281 0.298337
0 0.174977 0.854227 0.022484 0.048970
0 0.032063 0.755492 0.063625 0.170281
0 0.011516 0.686253 0.023031 0.092974
0 0.340633 0.952412 0.038922 0.094941
0 0.292195 0.924848 0.017953 0.051007
0 0.200000 0.873326 0.033813 0.087354
0 0.259227 0.900621 0.015516 0.018337
2 0.067461 0.898536 0.134328 0.087752
0 0.025852 0.768560 0.050359 0.100585
0 0.372094 0.973665 0.018469 0.049391
0 0.302242 0.933747 0.020234 0.049836
0 0.218688 0.875749 0.018937 0.037494
0 0.062273 0.767084 0.048578 0.106112