3 0.484312 0.622210 0.037125 0.209190
3 0.456953 0.614956 0.032625 0.198928
3 0.506961 0.618501 0.027734 0.194201
3 0.583148 0.574978 0.029922 0.096127
4 0.763437 0.843118 0.473125 0.313764
4 0.978953 0.598928 0.041469 0.182801
0 0.160461 0.536204 0.269578 0.424705
0 0.752180 0.658851 0.437922 0.676958
0 0.625656 0.433884 0.180938 0.490263
0 0.533164 0.489486 0.028672 0.087943
0 0.517992 0.492188 0.028703 0.070503
6 0.323781 0.715558 0.035437 0.137637
0 0.922922 0.525591 0.063313 0.145361
0 0.584164 0.490569 0.023578 0.071816
6 0.468773 0.794628 0.049547 0.173457
6 0.587266 0.659672 0.030156 0.076630
4 0.955859 0.569934 0.029406 0.119387
0 0.085773 0.667538 0.171547 0.225580