2 0.880359 0.525969 0.112656 0.272521
2 0.811156 0.530042 0.086906 0.296125
0 0.063758 0.364104 0.052047 0.152917
0 0.576148 0.322813 0.068734 0.291417
2 0.864859 0.550094 0.063469 0.247521
0 0.115758 0.300656 0.017641 0.052521
0 0.099328 0.300510 0.013250 0.032188
0 0.035094 0.818562 0.070187 0.362875
0 0.086172 0.299531 0.008563 0.034813
1 0.012531 0.323667 0.023875 0.060292
0 0.133789 0.300896 0.019578 0.029083
0 0.043539 0.423073 0.087078 0.211021
0 0.025266 0.319094 0.037969 0.115854
0 0.486711 0.374656 0.164984 0.306604
0 0.524023 0.261042 0.038953 0.101292