3 0.316639 0.408094 0.046534 0.090750
3 0.639625 0.132891 0.047213 0.101906
3 0.163407 0.211984 0.020304 0.038094
3 0.205187 0.211602 0.024005 0.037891
3 0.269133 0.210664 0.019063 0.034859
3 0.255785 0.210672 0.019438 0.032719
3 0.711838 0.131867 0.041054 0.101078
3 0.275902 0.387602 0.046932 0.062328
3 0.221944 0.209281 0.017986 0.035719
4 0.213431 0.286539 0.114543 0.090859
3 0.498513 0.143289 0.039368 0.074266
3 0.187998 0.208492 0.016932 0.035047
6 0.133724 0.792633 0.118735 0.066859
6 0.055937 0.869305 0.111874 0.110703
6 0.025609 0.552109 0.048407 0.041938
6 0.112283 0.546437 0.045222 0.033656
6 0.156674 0.544242 0.045340 0.030266
6 0.202014 0.543305 0.047963 0.034078
6 0.250843 0.543695 0.052646 0.032016
6 0.066417 0.550242 0.052131 0.044641
6 0.176417 0.863758 0.133349 0.110328