2 0.454055 0.217890 0.083297 0.080695
0 0.733055 0.495508 0.533891 0.986508
0 0.100242 0.191246 0.036078 0.106322
0 0.422664 0.191381 0.041359 0.126831
0 0.137320 0.175136 0.021234 0.080610
0 0.082555 0.166356 0.013766 0.042475
0 0.047703 0.169068 0.017031 0.068441
0 0.021688 0.183390 0.043375 0.120915
0 0.370094 0.200186 0.023813 0.034508
0 0.461391 0.205508 0.055281 0.109864
0 0.158945 0.181729 0.039734 0.065220
0 0.231578 0.178449 0.039875 0.085949
0 0.306164 0.164314 0.013891 0.043847
2 0.541016 0.203712 0.025000 0.026271
2 0.509008 0.194737 0.024141 0.038525
0 0.628125 0.302542 0.703125 0.330508