1 0.452781 0.666833 0.262281 0.118875
1 0.017836 0.591573 0.020172 0.028271
1 0.039367 0.589646 0.033797 0.029333
1 0.109266 0.590052 0.019875 0.022354
0 0.369219 0.737031 0.167969 0.254104
0 0.059891 0.594896 0.026500 0.048542
0 0.141008 0.626344 0.035766 0.122729
0 0.495086 0.621500 0.031359 0.054208
0 0.862070 0.608677 0.019703 0.065437
0 0.090914 0.629979 0.028672 0.109583
3 0.623797 0.589281 0.022375 0.092646
3 0.644781 0.590323 0.019250 0.088146
3 0.664633 0.592417 0.022609 0.088125
3 0.686641 0.592292 0.022781 0.087542
3 0.708828 0.592875 0.022531 0.089167
3 0.749313 0.601927 0.023250 0.069104
3 0.604867 0.589323 0.017109 0.094146
3 0.640211 0.673979 0.020953 0.079417
0 0.448484 0.586073 0.022719 0.039188
3 0.524133 0.414979 0.039797 0.062833
3 0.494234 0.413573 0.028594 0.062646
3 0.450531 0.406021 0.025125 0.075167
3 0.431406 0.407229 0.019688 0.068833
0 0.462641 0.592417 0.013719 0.023750
0 0.005016 0.628896 0.008625 0.103917
0 0.459516 0.601635 0.013875 0.014604
3 0.411758 0.413510 0.026953 0.064479
3 0.607812 0.520833 0.481250 0.333333