3 0.131828 0.281682 0.024469 0.067290
3 0.490789 0.215561 0.017672 0.079299
3 0.561031 0.197652 0.014813 0.078294
3 0.046438 0.229965 0.020188 0.059790
4 0.655289 0.502453 0.113703 0.230421
4 0.481648 0.466729 0.130734 0.211215
4 0.754602 0.825456 0.352453 0.324322
4 0.043422 0.533143 0.083406 0.306986
0 0.746141 0.408984 0.404250 0.764042
0 0.372242 0.351121 0.215172 0.360140
0 0.150125 0.673692 0.300250 0.621308
0 0.949602 0.296168 0.100797 0.587850
0 0.736172 0.307150 0.205781 0.614299
3 0.547148 0.215245 0.012641 0.045958