2 0.271240 0.672586 0.473938 0.591016
2 0.938635 0.466938 0.042396 0.189094
0 0.210760 0.160312 0.140521 0.208531
0 0.541115 0.193945 0.161437 0.127797
0 0.041667 0.067141 0.018208 0.036812
0 0.311646 0.139047 0.111000 0.255531
2 0.205542 0.461969 0.198708 0.353938
0 0.422813 0.159172 0.159208 0.205250
0 0.842656 0.116102 0.074146 0.105891
0 0.131760 0.461625 0.233063 0.523625
0 0.633594 0.155234 0.132812 0.216406
0 0.549531 0.042727 0.019813 0.033672
0 0.893656 0.109156 0.133271 0.163344
0 0.663208 0.439117 0.455958 0.722797