3 0.408440 0.421582 0.022960 0.123821
3 0.257070 0.716254 0.068100 0.246000
4 0.528590 0.140522 0.070020 0.174836
4 0.237630 0.141791 0.043860 0.151701
6 0.326880 0.889015 0.080520 0.213970
6 0.172340 0.550612 0.052160 0.126239
6 0.488810 0.617478 0.056300 0.153940
6 0.258260 0.467582 0.045880 0.117373
0 0.668460 0.252328 0.241160 0.437015
0 0.303390 0.222463 0.215300 0.359552
0 0.776900 0.438209 0.162600 0.512358
0 0.909390 0.251687 0.144540 0.337104
0 0.099280 0.297119 0.197360 0.348866
0 0.048930 0.396642 0.094860 0.591015
0 0.830480 0.698866 0.339040 0.575284
3 0.426170 0.247254 0.016940 0.060000
6 0.457750 0.560866 0.057020 0.152597
6 0.371140 0.455687 0.047080 0.091194
6 0.264840 0.741522 0.075960 0.125313
6 0.412980 0.247701 0.032200 0.056060
6 0.367630 0.282343 0.027380 0.071731
6 0.503670 0.888045 0.081180 0.222836
4 0.648310 0.329940 0.047860 0.096716
4 0.323660 0.071627 0.033160 0.098955
0 0.437990 0.166075 0.146540 0.226060
6 0.493000 0.425119 0.038480 0.107075