2 0.505758 0.556197 0.027797 0.174930
2 0.320680 0.485516 0.013016 0.108216
2 0.266828 0.451150 0.019969 0.053756
1 0.042234 0.582265 0.081594 0.384953
0 0.644687 0.615728 0.143594 0.629202
0 0.492867 0.467934 0.069203 0.303803
0 0.168070 0.439953 0.040266 0.142019
0 0.088859 0.571737 0.033125 0.174695
0 0.142422 0.520211 0.058406 0.233944
0 0.127812 0.413603 0.028094 0.065657
0 0.266656 0.420235 0.035750 0.118967
0 0.093969 0.477911 0.036594 0.130657
0 0.355836 0.431585 0.012797 0.043263
0 0.338094 0.434613 0.010656 0.041291
0 0.100852 0.400974 0.021828 0.032793
0 0.313195 0.438768 0.038703 0.163075
0 0.141812 0.397113 0.018906 0.061174
2 0.173398 0.475681 0.044609 0.093756
2 0.188211 0.463650 0.018766 0.067676
2 0.644016 0.798697 0.133125 0.402606
0 0.512500 0.503521 0.940625 0.307512