3 0.505219 0.051002 0.034437 0.101250
3 0.349562 0.023042 0.037281 0.046085
3 0.474391 0.181710 0.022031 0.074646
3 0.570109 0.058998 0.030062 0.117288
3 0.395078 0.032689 0.035437 0.055189
0 0.622203 0.541262 0.695750 0.914458
3 0.540820 0.059469 0.018297 0.100778
3 0.526016 0.052394 0.021563 0.104788
3 0.434375 0.040165 0.034375 0.073113
3 0.371906 0.028090 0.013562 0.048774
3 0.453875 0.039917 0.024000 0.079835
3 0.489992 0.187995 0.014453 0.069434
3 0.255047 0.107960 0.048375 0.126014
3 0.463742 0.177193 0.022547 0.074434