0 0.356427 0.483273 0.383729 0.752359
0 0.124625 0.148648 0.243250 0.259016
3 0.769292 0.840961 0.118208 0.067547
3 0.610198 0.311766 0.034521 0.087063
3 0.577323 0.721320 0.068437 0.063859
3 0.497302 0.685500 0.087854 0.047969
3 0.605135 0.437891 0.036854 0.084250
3 0.762083 0.793422 0.111583 0.032875
3 0.560125 0.427258 0.038125 0.100547
3 0.580604 0.304891 0.034333 0.098406
3 0.664844 0.807938 0.055271 0.054031
3 0.505104 0.434359 0.035292 0.077375
3 0.533271 0.754805 0.076583 0.058922
3 0.723448 0.821844 0.094396 0.068281
3 0.148219 0.564398 0.032729 0.043609
3 0.635417 0.370312 0.050000 0.215625