3 0.692906 0.222115 0.019906 0.077979
3 0.221836 0.146094 0.011172 0.034063
4 0.189266 0.664771 0.225125 0.414500
4 0.151211 0.339021 0.145234 0.225917
4 0.231500 0.266604 0.085562 0.134458
4 0.909625 0.768010 0.180750 0.434688
4 0.195758 0.128635 0.106516 0.054146
4 0.502359 0.161177 0.035250 0.053437
4 0.034555 0.151688 0.062359 0.065167
6 0.488844 0.447490 0.031906 0.074979
5 0.361133 0.664510 0.225734 0.360271
0 0.578766 0.599885 0.497031 0.800229
0 0.864047 0.426969 0.271906 0.588771
0 0.802836 0.194448 0.135172 0.247562
0 0.866969 0.147698 0.044250 0.103813
0 0.306750 0.162219 0.096781 0.218812
0 0.606586 0.143000 0.144297 0.141583
0 0.381352 0.263021 0.235484 0.483208
0 0.279547 0.105719 0.047531 0.143313
0 0.239438 0.073948 0.044531 0.094229
0 0.096117 0.096365 0.095859 0.161104
0 0.163281 0.054635 0.061969 0.078188
0 0.031633 0.070510 0.063266 0.110104
6 0.206094 0.163365 0.022281 0.045687
6 0.702883 0.170833 0.016984 0.024167
6 0.118867 0.171031 0.024391 0.047104
4 0.274516 0.366240 0.055281 0.186396
4 0.531570 0.234542 0.075359 0.071833
4 0.762617 0.924125 0.157203 0.151750
0 0.751734 0.086521 0.090250 0.170958
0 0.346875 0.077083 0.056250 0.112500