4 0.878328 0.527615 0.053844 0.065979
5 0.340969 0.429146 0.120656 0.148083
5 0.708219 0.809406 0.156562 0.309688
5 0.120344 0.817240 0.240687 0.365521
5 0.516547 0.578844 0.049562 0.059354
0 0.405336 0.587635 0.190453 0.608979
0 0.866289 0.742698 0.262922 0.487646
0 0.557023 0.610115 0.153359 0.280896
0 0.186516 0.617448 0.206656 0.241687
0 0.824242 0.595375 0.145297 0.279667
0 0.974695 0.416125 0.050609 0.126833
0 0.683078 0.576417 0.124719 0.270958
0 0.927273 0.474646 0.053328 0.081875
4 0.556227 0.760375 0.182453 0.375958
4 0.277687 0.681000 0.135375 0.292500
4 0.714516 0.632312 0.078875 0.142458
4 0.770484 0.561417 0.052031 0.114125
4 0.255297 0.591385 0.116531 0.208354
5 0.805164 0.516771 0.046359 0.076167