1 0.980930 0.659133 0.038141 0.075831
1 0.220352 0.616429 0.064609 0.063817
1 0.268562 0.605808 0.040969 0.056581
1 0.867766 0.623841 0.062437 0.064684
1 0.770023 0.573009 0.033266 0.047096
1 0.154578 0.648162 0.084937 0.097073
1 0.309359 0.583173 0.040594 0.055808
0 0.627430 0.767061 0.027484 0.098899
0 0.628211 0.719368 0.030297 0.058595
2 0.044430 0.711241 0.039766 0.089883
2 0.020445 0.718876 0.040234 0.072927
2 0.082094 0.718431 0.021875 0.034426
2 0.887023 0.641218 0.022391 0.054848
2 0.810773 0.603653 0.026016 0.041874
0 0.914039 0.699309 0.030578 0.073653
0 0.931031 0.726710 0.020469 0.042740
0 0.064570 0.625948 0.020609 0.072459
0 0.107688 0.612400 0.019187 0.046815
0 0.043242 0.628044 0.016047 0.079789
0 0.392930 0.537283 0.011359 0.042763
0 0.705969 0.521698 0.005437 0.023958
0 0.615945 0.716792 0.020078 0.060187
0 0.279125 0.557084 0.013719 0.039696
0 0.087445 0.621440 0.017234 0.069438
2 0.128586 0.686651 0.039453 0.073068
2 0.103102 0.714871 0.022547 0.042998
2 0.804828 0.554684 0.016531 0.013770
2 0.083156 0.693864 0.072625 0.094333
2 0.826859 0.604625 0.032125 0.044567
1 0.359687 0.566885 0.027187 0.049087
1 0.803148 0.592272 0.044953 0.050023
1 0.751172 0.552389 0.036125 0.038548
0 0.097305 0.611347 0.005141 0.033841
0 0.432812 0.588993 0.643750 0.180328