3 0.110492 0.281716 0.016891 0.059296
3 0.848266 0.410640 0.026500 0.104648
3 0.602828 0.394424 0.025281 0.060448
1 0.396383 0.072164 0.143297 0.104542
0 0.885961 0.183145 0.072453 0.141557
0 0.548953 0.588081 0.277781 0.647548
0 0.817133 0.292900 0.090922 0.306141
0 0.631945 0.242910 0.200984 0.440320
0 0.426984 0.271514 0.122562 0.228870
0 0.387875 0.186578 0.143531 0.340576
0 0.192328 0.301535 0.140688 0.316162
0 0.718820 0.611237 0.284891 0.651684
0 0.359273 0.581141 0.303609 0.752047
0 0.865922 0.349584 0.202094 0.240192
0 0.120203 0.143635 0.105937 0.251919
6 0.795023 0.415245 0.033797 0.060896
0 0.219633 0.150309 0.108172 0.250000
6 0.820906 0.411663 0.027875 0.096461
0 0.039891 0.306066 0.051969 0.246375
6 0.066828 0.260021 0.017781 0.046482
0 0.562500 0.383795 0.871875 0.767591