0 0.155180 0.459693 0.049141 0.168113
3 0.885414 0.384752 0.010734 0.041675
3 0.946461 0.437524 0.012609 0.042547
3 0.889219 0.434976 0.007062 0.041038
4 0.480328 0.852748 0.260094 0.267146
4 0.703891 0.896097 0.214656 0.200495
4 0.737703 0.704658 0.138281 0.114599
4 0.819766 0.603762 0.099594 0.071108
4 0.953328 0.626958 0.093344 0.080896
4 0.930664 0.749399 0.138672 0.116061
4 0.565672 0.593208 0.027875 0.060660
4 0.806164 0.701120 0.126547 0.139316
4 0.664320 0.668007 0.098266 0.123608
3 0.962094 0.384540 0.007750 0.029552
3 0.526219 0.404127 0.010750 0.050094
3 0.953422 0.550979 0.009938 0.033184
4 0.573680 0.662288 0.111609 0.100519
3 0.580219 0.562229 0.008406 0.051439
3 0.961898 0.499127 0.010766 0.035000
3 0.869391 0.534092 0.009906 0.039835
3 0.897859 0.492335 0.010437 0.033113
3 0.875477 0.493160 0.009141 0.031698
3 0.866391 0.384163 0.009656 0.038137
3 0.896070 0.382960 0.009141 0.039505
0 0.240930 0.394422 0.035922 0.110495
0 0.726758 0.497535 0.122922 0.251439
4 0.287477 0.774894 0.154922 0.201863
3 0.485156 0.476415 0.970313 0.245283