3 0.297781 0.614226 0.051500 0.153013
3 0.336703 0.579749 0.043094 0.136946
4 0.362578 0.902908 0.270688 0.172259
4 0.882469 0.407762 0.098594 0.148745
4 0.778047 0.351349 0.046281 0.095879
6 0.172242 0.704383 0.062547 0.081360
6 0.533109 0.431276 0.026000 0.053473
6 0.880500 0.501444 0.035406 0.062678
6 0.441781 0.604749 0.046781 0.093975
6 0.491000 0.500314 0.033500 0.031757
0 0.532375 0.653923 0.190531 0.324707
0 0.703234 0.684268 0.194687 0.577531
0 0.935375 0.433577 0.129250 0.197406
0 0.665398 0.371192 0.101016 0.147699
0 0.512602 0.386820 0.139297 0.127782
0 0.226070 0.495513 0.167453 0.219728
0 0.308219 0.763253 0.328625 0.348347
0 0.096656 0.519414 0.193312 0.289414
4 0.367547 0.461705 0.085781 0.150900
0 0.416234 0.433703 0.110781 0.224728
0 0.800305 0.396339 0.078641 0.163347
4 0.808109 0.815533 0.233188 0.368933
4 0.726922 0.358431 0.050875 0.072636
4 0.157625 0.509718 0.072406 0.048724
6 0.214969 0.686778 0.055344 0.098452
4 0.579664 0.813860 0.202234 0.216841
6 0.628758 0.406464 0.023047 0.046318