2 0.634445 0.682409 0.229109 0.364817
2 0.318852 0.365205 0.091734 0.135434
2 0.603187 0.428162 0.082937 0.245502
1 0.889687 0.382432 0.216344 0.438699
1 0.606648 0.244863 0.114422 0.165525
1 0.420930 0.265594 0.100078 0.113973
1 0.473938 0.221747 0.050813 0.059612
1 0.387664 0.216039 0.046109 0.051849
1 0.441273 0.196963 0.014516 0.014475
0 0.082203 0.360091 0.102844 0.380959
0 0.666148 0.339155 0.089859 0.317763
1 0.513422 0.206872 0.033125 0.027763
1 0.365523 0.209646 0.018234 0.032854
1 0.490508 0.201256 0.013328 0.020548
2 0.720516 0.227283 0.021219 0.041142
1 0.360625 0.195422 0.010469 0.016781
1 0.453891 0.197694 0.016438 0.020365