0 0.320336 0.303665 0.097297 0.123255
0 0.466578 0.286030 0.106688 0.121616
0 0.663695 0.321710 0.094984 0.108712
0 0.899789 0.440937 0.071984 0.455176
0 0.680680 0.656335 0.122953 0.269672
0 0.476328 0.633009 0.145406 0.270468
0 0.286906 0.682283 0.091875 0.237026
5 0.114695 0.509719 0.072953 0.101874
5 0.367688 0.108735 0.058031 0.073724
0 0.298766 0.117763 0.111437 0.222365
2 0.760477 0.082260 0.049703 0.163770
6 0.554812 0.569719 0.016688 0.037049
6 0.154266 0.578162 0.016594 0.034543
6 0.331211 0.408642 0.016734 0.029696
6 0.407023 0.401897 0.014391 0.032178
6 0.570961 0.397974 0.014828 0.033513
6 0.648664 0.515129 0.017078 0.036909
4 0.647992 0.838220 0.155672 0.318595
4 0.469742 0.832342 0.169641 0.299672
4 0.278125 0.869836 0.164813 0.260328
4 0.068211 0.847927 0.134141 0.301194
4 0.034453 0.466276 0.068906 0.251522
4 0.670758 0.286464 0.128766 0.138173
4 0.840422 0.605867 0.128312 0.339133
4 0.315719 0.300000 0.113062 0.117143
4 0.497133 0.289848 0.069734 0.132436
4 0.813719 0.400199 0.090906 0.131827
0 0.788156 0.417365 0.098281 0.116698
0 0.800930 0.573689 0.127891 0.338244
6 0.501812 0.520070 0.016313 0.027681
6 0.696875 0.514543 0.015188 0.028806
4 0.119469 0.092623 0.076938 0.185246
0 0.110461 0.713279 0.195578 0.333443