4 0.069203 0.771708 0.112656 0.221042
0 0.551148 0.639323 0.198922 0.689896
0 0.394437 0.587188 0.143250 0.371083
0 0.254711 0.689865 0.189234 0.613979
0 0.939250 0.711510 0.121188 0.362479
0 0.810797 0.665115 0.179000 0.585812
0 0.147477 0.641573 0.116297 0.514604
0 0.107656 0.563719 0.080344 0.328479
0 0.673656 0.679187 0.169469 0.615208
4 0.150844 0.893260 0.301687 0.213479
4 0.407797 0.873323 0.167594 0.253354
4 0.858937 0.613656 0.049781 0.065354
4 0.454930 0.722219 0.047422 0.082021
4 0.869258 0.654500 0.065172 0.114583
4 0.342852 0.729219 0.046141 0.066062
4 0.053258 0.597531 0.081359 0.127354
4 0.019453 0.662375 0.036750 0.027042