3 0.322398 0.242095 0.041609 0.118581
3 0.288445 0.243255 0.026609 0.108614
3 0.257031 0.234683 0.026719 0.141720
3 0.227922 0.236402 0.030625 0.137112
3 0.742969 0.229048 0.013719 0.013890
3 0.795258 0.242346 0.015422 0.044891
4 0.217117 0.911035 0.408953 0.157663
4 0.423078 0.734591 0.280281 0.127947
0 0.758836 0.428289 0.162172 0.386928
0 0.416320 0.646394 0.419484 0.583339
0 0.851383 0.658180 0.297234 0.682705
0 0.105156 0.252813 0.201906 0.217980
3 0.765672 0.224132 0.020531 0.032104
3 0.816430 0.257154 0.011578 0.022554
4 0.722000 0.741861 0.132250 0.296110
4 0.983812 0.781252 0.032375 0.169282
0 0.545359 0.447279 0.326500 0.806210
0 0.295500 0.681795 0.590344 0.634307