3 0.607951 0.648414 0.034918 0.039453
3 0.314871 0.605164 0.029555 0.076516
3 0.529391 0.714117 0.054848 0.100922
3 0.573255 0.641906 0.041077 0.036750
3 0.328232 0.569422 0.027283 0.065375
3 0.694251 0.505188 0.022319 0.047656
3 0.723770 0.542594 0.050867 0.052562
3 0.767084 0.552984 0.042459 0.040031
4 0.335960 0.517594 0.136885 0.111844
4 0.879215 0.671438 0.240258 0.220000
4 0.704133 0.770352 0.238712 0.307828
4 0.982190 0.486367 0.035621 0.095984
0 0.825796 0.624391 0.288361 0.350781
0 0.791101 0.464687 0.138314 0.139406
0 0.494532 0.479797 0.162506 0.118094
0 0.225597 0.531031 0.191429 0.179250
6 0.521194 0.517359 0.032131 0.035406
3 0.694075 0.605242 0.021593 0.027641
3 0.730574 0.600969 0.016838 0.010312
3 0.666124 0.633438 0.017213 0.012844
3 0.644016 0.653367 0.027190 0.040422
6 0.628080 0.510047 0.028056 0.026281
3 0.660246 0.597070 0.019789 0.012547
0 0.112260 0.572609 0.224520 0.227063
3 0.543326 0.620313 0.487119 0.290625