3 0.523312 0.321906 0.025281 0.058438
4 0.948430 0.716208 0.103141 0.242625
4 0.039805 0.747865 0.078859 0.080188
4 0.402453 0.298531 0.167281 0.117062
0 0.234055 0.424781 0.466578 0.609687
0 0.266367 0.238875 0.143578 0.335000
0 0.652680 0.239583 0.295297 0.317667
0 0.748687 0.471208 0.502625 0.747375
6 0.232305 0.795052 0.076734 0.235729
1 0.613938 0.083469 0.103062 0.112937
1 0.463578 0.080021 0.110844 0.121500
1 0.317086 0.048448 0.042328 0.060604
1 0.112719 0.084094 0.055563 0.092396
1 0.113000 0.042406 0.051906 0.044646
1 0.771305 0.072094 0.095391 0.099562
1 0.820992 0.051240 0.061391 0.065479
1 0.856414 0.070240 0.025484 0.069729
6 0.431164 0.618323 0.052828 0.179979
6 0.378664 0.479719 0.042609 0.079229
6 0.525625 0.339833 0.030250 0.064750
4 0.375477 0.233906 0.125766 0.036437
4 0.529961 0.206125 0.059391 0.128167
4 0.442891 0.187583 0.085375 0.112542
1 0.153656 0.054094 0.044094 0.055896
1 0.690742 0.056073 0.052984 0.050521
1 0.237078 0.045708 0.049719 0.064125
6 0.447352 0.347917 0.027828 0.046375
4 0.603367 0.206156 0.062828 0.133854
4 0.672383 0.202917 0.060422 0.129042
4 0.714937 0.775323 0.109094 0.054562
4 0.698547 0.526510 0.096719 0.054479
4 0.388766 0.177656 0.072406 0.103771
1 0.295328 0.034417 0.014375 0.019167
1 0.717969 0.060417 0.020313 0.062500