0 0.306742 0.533708 0.313484 0.384250
0 0.366063 0.420740 0.190625 0.206437
0 0.417547 0.352719 0.150656 0.197104
0 0.680898 0.703375 0.353922 0.570792
0 0.655273 0.508354 0.131641 0.266250
0 0.816852 0.820229 0.366297 0.359542
0 0.094820 0.422229 0.189641 0.287125
0 0.590664 0.456427 0.172891 0.247813
0 0.319906 0.299219 0.048438 0.073813
0 0.179250 0.355937 0.076781 0.160583
6 0.553063 0.646427 0.047438 0.105188
6 0.286008 0.690083 0.038984 0.095875
6 0.376430 0.945729 0.063359 0.108542
4 0.441031 0.319698 0.029906 0.060396
4 0.564375 0.341052 0.032438 0.045188
4 0.558625 0.316156 0.020281 0.055646
0 0.153945 0.739656 0.307891 0.518271
0 0.121344 0.583146 0.225844 0.339333
6 0.343531 0.836125 0.057625 0.138000
6 0.487492 0.556052 0.029141 0.069313
6 0.433828 0.515333 0.022656 0.059750
6 0.272891 0.813240 0.051000 0.087271
6 0.343875 0.688427 0.039125 0.099521
6 0.427539 0.665313 0.035672 0.098667
6 0.445344 0.590396 0.035219 0.081750
6 0.494633 0.500333 0.021109 0.055958
6 0.519203 0.438979 0.020875 0.045208
0 0.583469 0.369531 0.116312 0.103396
3 0.530992 0.297167 0.007766 0.023125
3 0.519445 0.293313 0.005172 0.020542
4 0.460484 0.303073 0.012781 0.028854
3 0.408227 0.749906 0.020359 0.061896
3 0.370750 0.735302 0.017750 0.065396
6 0.499070 0.441146 0.022703 0.063875
6 0.423438 0.664583 0.209375 0.533333
0 0.328906 0.351042 0.648438 0.164583