0 0.268648 0.823479 0.089078 0.312673
0 0.381898 0.800553 0.112891 0.184332
0 0.504008 0.578065 0.061516 0.169401
0 0.400289 0.620000 0.064234 0.116682
0 0.342344 0.588283 0.089625 0.132143
0 0.556250 0.492316 0.056813 0.116889
0 0.503516 0.456313 0.047813 0.091567
0 0.222000 0.699009 0.035844 0.078387
0 0.417227 0.538341 0.086422 0.147005
0 0.588508 0.578030 0.063734 0.217396
0 0.452094 0.669758 0.072375 0.140853
0 0.410195 0.435023 0.057422 0.068479
3 0.342508 0.637385 0.009141 0.040622
3 0.489039 0.501336 0.009734 0.041843
3 0.396750 0.684320 0.009187 0.043894
0 0.457406 0.445242 0.054250 0.092926
4 0.621391 0.255599 0.020313 0.019908
0 0.464062 0.440092 0.459375 0.635945