4 0.657927 0.748828 0.248521 0.186719
4 0.688625 0.615141 0.076125 0.062719
4 0.764104 0.591547 0.109708 0.141469
0 0.770031 0.512359 0.143813 0.350562
0 0.571865 0.642773 0.337104 0.293453
0 0.281240 0.697906 0.364396 0.366531
0 0.314604 0.807867 0.521333 0.357297
6 0.203531 0.612672 0.051646 0.046344
5 0.165187 0.636352 0.184500 0.095391
5 0.653375 0.464047 0.085250 0.042250
0 0.673604 0.547586 0.175250 0.198422
0 0.427812 0.546156 0.108750 0.161156
4 0.469031 0.808000 0.225771 0.207531
4 0.106458 0.507914 0.186917 0.096109
4 0.054229 0.520914 0.106958 0.127953