0 0.024523 0.578911 0.029797 0.054215
0 0.023594 0.673583 0.032969 0.140796
0 0.045688 0.635410 0.038187 0.154145
0 0.092937 0.636756 0.035156 0.152014
0 0.116742 0.593431 0.025578 0.068126
0 0.101898 0.510433 0.031234 0.114215
0 0.088031 0.333864 0.019125 0.089602
0 0.065703 0.522400 0.041594 0.124098
0 0.836047 0.601007 0.033813 0.082717
0 0.014703 0.514133 0.029406 0.126019
0 0.063305 0.680714 0.035359 0.135527
2 0.857805 0.623700 0.030328 0.041920
1 0.883836 0.728091 0.127453 0.161803
1 0.927852 0.885047 0.116578 0.149859
1 0.954898 0.919321 0.090203 0.161358
1 0.479117 0.847494 0.148359 0.227635
1 0.568180 0.342576 0.057672 0.051101
1 0.516828 0.967904 0.145750 0.064192
1 0.226047 0.726054 0.162625 0.076838
1 0.645359 0.332482 0.063875 0.077611
1 0.815539 0.707904 0.061422 0.133513
1 0.375563 0.275059 0.048125 0.059859
1 0.542102 0.330726 0.059422 0.083466
1 0.309227 0.730386 0.109234 0.132389
0 0.188016 0.655457 0.039375 0.131475
1 0.551102 0.813571 0.057547 0.145738
0 0.505469 0.468384 0.892188 0.459016
1 0.340625 0.544496 0.681250 0.906323