0 0.641594 0.727125 0.319281 0.545750
0 0.255070 0.565875 0.415547 0.868250
0 0.836375 0.430510 0.029500 0.111604
0 0.688016 0.286958 0.005250 0.016708
0 0.973477 0.405427 0.025578 0.066854
0 0.455586 0.339000 0.004047 0.016917
0 0.897727 0.362021 0.009109 0.030583
0 0.767695 0.438115 0.009703 0.047438
2 0.844469 0.461208 0.077438 0.073583
2 0.886820 0.427958 0.054359 0.048042
0 0.098047 0.552240 0.196094 0.895521
0 0.754305 0.441917 0.021203 0.044083
0 0.697891 0.385094 0.008687 0.041146
0 0.583766 0.392437 0.015250 0.036833