0 0.619656 0.660885 0.114250 0.555063
0 0.720914 0.632729 0.107578 0.579417
0 0.956398 0.641115 0.087203 0.520062
0 0.269305 0.401938 0.048266 0.105083
0 0.311188 0.382865 0.045531 0.178979
0 0.976867 0.302250 0.041109 0.157000
0 0.665211 0.430031 0.048422 0.172146
0 0.887578 0.216396 0.020000 0.120417
0 0.705523 0.276646 0.055359 0.117792
0 0.488070 0.375510 0.027047 0.112437
0 0.198953 0.533698 0.036750 0.122521
0 0.818875 0.497781 0.077750 0.116604
4 0.894336 0.597167 0.129578 0.153917
4 0.933109 0.641167 0.042531 0.076500
4 0.883008 0.554417 0.089578 0.079625
0 0.567461 0.375135 0.022609 0.148396
0 0.674219 0.369792 0.648438 0.410417