3 0.526789 0.423167 0.018641 0.071708
3 0.450492 0.504083 0.026766 0.116833
4 0.151539 0.676969 0.102703 0.443104
4 0.677594 0.655740 0.216719 0.372396
4 0.757484 0.434969 0.032281 0.103438
4 0.382469 0.449813 0.045969 0.112625
4 0.635133 0.889646 0.442578 0.200458
6 0.459094 0.580594 0.025281 0.036229
6 0.564500 0.434490 0.010031 0.026729
0 0.357344 0.493646 0.153031 0.213000
0 0.741055 0.365146 0.102234 0.124750
0 0.191039 0.443063 0.075016 0.183792
0 0.636234 0.447188 0.096062 0.296625
0 0.681352 0.488219 0.124109 0.254479
0 0.628336 0.664760 0.175922 0.266479
0 0.293148 0.389583 0.105516 0.165208
0 0.250078 0.577521 0.125844 0.281042
6 0.868828 0.413458 0.020531 0.034667
4 0.910391 0.629771 0.179219 0.373042
6 0.854828 0.398562 0.011187 0.014167
4 0.916148 0.879146 0.167703 0.241708
0 0.278938 0.294677 0.120281 0.248396
0 0.443430 0.407458 0.099328 0.183042