3 0.861125 0.578563 0.022250 0.079333
3 0.894914 0.578208 0.007797 0.078125
3 0.145906 0.541500 0.021625 0.092500
4 0.404180 0.655729 0.124328 0.334208
4 0.283141 0.693687 0.202250 0.197750
0 0.769578 0.430635 0.101813 0.344687
0 0.900313 0.386250 0.099437 0.341500
0 0.376688 0.613490 0.753375 0.750562
4 0.063297 0.920510 0.126594 0.157479
4 0.059078 0.420292 0.073094 0.178792
5 0.864859 0.866448 0.270281 0.267104
5 0.934383 0.610229 0.071234 0.144708
5 0.088875 0.526635 0.065219 0.106604
0 0.971562 0.546875 0.056875 0.182917