3 0.456281 0.486425 0.041563 0.171711
3 0.517523 0.208355 0.016734 0.049868
4 0.226602 0.729857 0.239391 0.539671
4 0.101672 0.687643 0.155313 0.588750
4 0.850648 0.645921 0.298453 0.707807
4 0.707102 0.379463 0.129641 0.235724
4 0.362812 0.335713 0.074563 0.129934
4 0.518305 0.336250 0.037766 0.156535
0 0.858437 0.362401 0.237875 0.419452
0 0.480430 0.329836 0.218609 0.257829
0 0.375383 0.730647 0.320391 0.507829
6 0.196937 0.421349 0.035219 0.087654
6 0.647727 0.497325 0.034297 0.117632
6 0.398445 0.335132 0.023047 0.075088
6 0.578266 0.640164 0.047500 0.112566
0 0.067289 0.498257 0.134578 0.447741
3 0.497086 0.210746 0.011984 0.058860
0 0.663461 0.238958 0.157297 0.467522