3 0.410172 0.429110 0.019781 0.122342
3 0.427602 0.434180 0.024859 0.120492
3 0.635500 0.755820 0.014781 0.111265
3 0.554070 0.765972 0.023734 0.143794
3 0.539383 0.703478 0.015422 0.067002
3 0.501703 0.696944 0.016844 0.022412
3 0.484969 0.697155 0.012375 0.021616
3 0.521922 0.693677 0.021125 0.048478
3 0.506664 0.688407 0.012297 0.034754
6 0.567023 0.521054 0.027359 0.033630
3 0.659156 0.704672 0.021563 0.025129
3 0.842633 0.495187 0.022359 0.119087
3 0.868703 0.500047 0.029437 0.113677
6 0.456875 0.513571 0.021719 0.031499