1 0.356312 0.479836 0.100969 0.132834
0 0.765109 0.488431 0.216625 0.649368
0 0.222648 0.482588 0.163422 0.442693
0 0.512398 0.508958 0.079422 0.299274
0 0.369945 0.448454 0.026328 0.084731
2 0.236133 0.642693 0.370328 0.319110
2 0.769891 0.675281 0.439281 0.397775
2 0.513898 0.586639 0.043922 0.176792
2 0.580234 0.553384 0.091563 0.154215
3 0.136281 0.396323 0.018438 0.037658
2 0.388078 0.510691 0.064656 0.095480
2 0.461734 0.557869 0.029375 0.061452
2 0.361523 0.523806 0.038172 0.072623
2 0.458211 0.535386 0.043109 0.095878
2 0.402594 0.530105 0.022187 0.062834
2 0.474375 0.545070 0.019125 0.087049
2 0.412195 0.534824 0.023234 0.070679
2 0.445344 0.526206 0.044625 0.100000
0 0.287453 0.472529 0.017906 0.087822
0 0.319383 0.437295 0.009797 0.019227
1 0.073555 0.465714 0.017578 0.023138
1 0.106828 0.466464 0.020438 0.019297
0 0.402516 0.439297 0.016844 0.040562