2 0.739812 0.498325 0.142875 0.265584
2 0.314961 0.435584 0.029578 0.165787
0 0.434398 0.451688 0.243484 0.629213
0 0.596258 0.442322 0.160484 0.521345
0 0.166266 0.351231 0.021188 0.161751
0 0.196148 0.340330 0.042641 0.165736
0 0.240437 0.351662 0.040438 0.173832
0 0.484000 0.305787 0.006969 0.046548
0 0.279195 0.356954 0.044953 0.166142
0 0.325500 0.334086 0.045812 0.170457
2 0.025758 0.375228 0.051516 0.086751
2 0.085445 0.353211 0.058578 0.091345
0 0.655195 0.299404 0.032766 0.103629
2 0.394000 0.838426 0.086906 0.284721
2 0.142898 0.348464 0.045266 0.087640
2 0.595344 0.843528 0.049250 0.280000
2 0.471570 0.325063 0.023078 0.073426
0 0.680266 0.315102 0.011906 0.094518
0 0.436469 0.282995 0.030187 0.073706
2 0.796156 0.522614 0.142687 0.215939