2 0.593391 0.808824 0.010094 0.051140
0 0.751563 0.778979 0.027594 0.167981
0 0.664484 0.748705 0.024188 0.125202
0 0.640992 0.745214 0.020703 0.127197
0 0.589453 0.731128 0.019125 0.090333
0 0.139906 0.783325 0.037500 0.149644
0 0.198305 0.718337 0.015797 0.063990
0 0.119000 0.778658 0.102000 0.253943
0 0.783148 0.798955 0.063141 0.284038
0 0.057367 0.740095 0.027641 0.074584
0 0.346156 0.767755 0.047656 0.201164
0 0.447492 0.686544 0.024078 0.034988
0 0.599906 0.753800 0.042219 0.115487
2 0.564391 0.773955 0.079875 0.140879
0 0.840930 0.780202 0.037859 0.190048
0 0.498437 0.793349 0.996875 0.337292