2 0.345086 0.667248 0.068797 0.477541
2 0.226703 0.657705 0.146344 0.567728
2 0.263289 0.663443 0.219516 0.569883
2 0.226797 0.485141 0.143000 0.545691
1 0.096023 0.398326 0.074141 0.107096
1 0.035234 0.406183 0.061469 0.213489
0 0.424766 0.377447 0.020125 0.065012
0 0.476680 0.372799 0.024578 0.058384
2 0.747781 0.475960 0.046687 0.099649
2 0.701023 0.444543 0.105109 0.130585
2 0.680547 0.436311 0.124156 0.134590
2 0.970656 0.510199 0.058687 0.146768
2 0.716023 0.470808 0.021578 0.085785
2 0.640891 0.441370 0.072938 0.103489
2 0.727930 0.467974 0.030672 0.099696
2 0.559547 0.433782 0.034094 0.075527
2 0.628562 0.426909 0.081250 0.117752
2 0.389844 0.464871 0.423438 0.147541