3 0.376922 0.365177 0.017125 0.087712
3 0.632828 0.333373 0.043344 0.036792
0 0.381578 0.290755 0.117781 0.171415
0 0.540398 0.301627 0.088484 0.132830
0 0.665055 0.296828 0.088859 0.168892
0 0.694484 0.283856 0.145625 0.222759
0 0.158555 0.492571 0.087828 0.280896
6 0.768352 0.476156 0.020203 0.061745
0 0.215867 0.344257 0.080391 0.182005
0 0.246391 0.316851 0.069969 0.202241
0 0.111398 0.261722 0.056047 0.084292
0 0.148516 0.273408 0.056563 0.104788
0 0.175031 0.304257 0.053406 0.161014
0 0.203086 0.225731 0.022828 0.047406
6 0.477766 0.494304 0.025312 0.053797
6 0.752594 0.429623 0.022687 0.037028
6 0.724359 0.423149 0.018875 0.046722
6 0.768328 0.399528 0.015156 0.044858
6 0.391437 0.381580 0.012656 0.030613
4 0.835938 0.651686 0.227781 0.597759
4 0.301477 0.665165 0.293297 0.593255
4 0.140234 0.574800 0.148969 0.486958
4 0.053641 0.458644 0.070688 0.252335
4 0.597711 0.247842 0.028516 0.044033
4 0.507516 0.294658 0.023875 0.054080
4 0.483906 0.307830 0.039219 0.100472
4 0.612531 0.345248 0.023375 0.046675
4 0.624984 0.694340 0.275687 0.611321
4 0.961469 0.408231 0.057813 0.223019
4 0.819359 0.323785 0.057531 0.117429
4 0.308516 0.338868 0.042031 0.130377
0 0.321555 0.248184 0.052234 0.058962
4 0.564180 0.300425 0.047109 0.120472
0 0.784039 0.373632 0.058203 0.142123
0 0.514062 0.403302 0.968750 0.584906