2 0.860570 0.464707 0.055078 0.081526
2 0.430211 0.444894 0.057328 0.111197
2 0.114125 0.462230 0.104969 0.095962
0 0.772062 0.433568 0.104937 0.247746
0 0.705477 0.512477 0.080953 0.402465
0 0.606102 0.400681 0.069203 0.243756
0 0.240609 0.576573 0.226375 0.824319
0 0.491461 0.502371 0.103047 0.226808
0 0.501578 0.554261 0.225906 0.320305
0 0.828945 0.431021 0.027203 0.152840
0 0.930461 0.437312 0.047609 0.161291
0 0.974352 0.401197 0.020672 0.091596
0 0.810016 0.386984 0.019281 0.072793
0 0.903922 0.432312 0.029969 0.156408
2 0.968469 0.481408 0.024031 0.061080
2 0.376586 0.462418 0.040297 0.068310