4 0.586758 0.820432 0.190984 0.334067
4 0.382719 0.741476 0.176219 0.177660
4 0.931094 0.695418 0.053687 0.145933
4 0.888656 0.699540 0.039125 0.143482
0 0.554758 0.580195 0.075766 0.155543
0 0.608594 0.590265 0.052938 0.114624
0 0.669242 0.591602 0.061609 0.101086
6 0.116680 0.646880 0.035484 0.078719
4 0.870336 0.725975 0.061078 0.206100
4 0.753906 0.759457 0.021375 0.166490
4 0.370516 0.602033 0.027875 0.074875
4 0.939680 0.884123 0.120641 0.231755
0 0.142687 0.587201 0.029656 0.142591
0 0.666352 0.578858 0.014547 0.055042
0 0.727328 0.651337 0.080656 0.252089
0 0.639258 0.573969 0.047984 0.098914
0 0.968992 0.587521 0.062016 0.369582
0 0.039859 0.529220 0.079719 0.312758
0 0.898250 0.607827 0.065469 0.126574
4 0.806961 0.703677 0.051891 0.120111
4 0.400297 0.611602 0.037406 0.053900
5 0.195797 0.611142 0.039000 0.049192
5 0.932461 0.606365 0.023641 0.038078
0 0.586219 0.578231 0.019594 0.048329
4 0.403086 0.676031 0.086828 0.079248
4 0.596875 0.732591 0.771875 0.211699