4 0.239484 0.746612 0.099406 0.432430
4 0.764148 0.284007 0.102797 0.137734
4 0.902906 0.485759 0.147375 0.191939
0 0.498922 0.571671 0.369844 0.826192
0 0.469484 0.210491 0.301906 0.417617
0 0.942273 0.186098 0.115172 0.327290
0 0.027672 0.421916 0.049375 0.507850
6 0.553586 0.150315 0.042141 0.051285
6 0.773539 0.348201 0.033016 0.057056
6 0.897320 0.163633 0.029172 0.060210
4 0.219984 0.486005 0.055813 0.128738
4 0.700531 0.594241 0.073594 0.035070
0 0.656438 0.386449 0.168875 0.398925
6 0.815555 0.349766 0.029141 0.035374