0 0.632760 0.431093 0.061960 0.160107
0 0.910520 0.391280 0.022200 0.047947
1 0.992610 0.370093 0.014780 0.018107
2 0.297010 0.811707 0.594020 0.376587
2 0.679000 0.670667 0.192000 0.333333
2 0.744200 0.650173 0.102120 0.214213
2 0.852660 0.637200 0.123600 0.282560
2 0.500880 0.758453 0.357400 0.460107
2 0.857900 0.520227 0.153240 0.144347
2 0.858840 0.578853 0.159000 0.177173
2 0.948430 0.470947 0.045620 0.039920
2 0.308220 0.732040 0.453960 0.301093
2 0.255560 0.647000 0.185120 0.170000
2 0.710770 0.552720 0.037620 0.072373
2 0.547220 0.526880 0.098840 0.057653
1 0.962380 0.402400 0.052280 0.032747
1 0.925460 0.365373 0.021280 0.015760
0 0.991570 0.422400 0.016860 0.079787
2 0.728170 0.617080 0.056100 0.050800
2 0.537000 0.673333 0.830000 0.520000