0 0.398523 0.500000 0.154453 0.707760
0 0.465992 0.383199 0.120734 0.492771
0 0.557383 0.318487 0.093172 0.411339
0 0.764211 0.510727 0.471578 0.954850
0 0.142797 0.538938 0.276438 0.898430
0 0.295500 0.271697 0.035906 0.268938
0 0.255859 0.568048 0.139437 0.859885
0 0.039570 0.236801 0.054203 0.139515
0 0.011023 0.269030 0.022047 0.133072
3 0.723523 0.847067 0.058891 0.197644
3 0.678320 0.833695 0.045359 0.195058
3 0.591344 0.582898 0.179969 0.200346
3 0.566672 0.700520 0.023000 0.052494
3 0.577633 0.715808 0.020359 0.096420
3 0.592805 0.717633 0.030672 0.112125
3 0.617125 0.703187 0.020719 0.065081
0 0.613687 0.393222 0.128500 0.406120
3 0.633641 0.741351 0.047813 0.107136
3 0.546156 0.745497 0.042250 0.135704
3 0.611172 0.732298 0.015375 0.060577
3 0.653836 0.747644 0.019266 0.061016
0 0.020758 0.226293 0.031891 0.072494
3 0.667898 0.736374 0.010422 0.021848