0 0.777836 0.836678 0.060578 0.184531
0 0.637125 0.552031 0.036844 0.058756
0 0.521109 0.805364 0.073875 0.177676
0 0.586578 0.739624 0.060156 0.151737
0 0.632687 0.702042 0.051062 0.146620
0 0.195117 0.746362 0.057891 0.158404
0 0.097750 0.734824 0.049531 0.140775
0 0.041016 0.737242 0.053469 0.162981
0 0.096398 0.385962 0.019266 0.054225
1 0.525734 0.614131 0.101844 0.188122
1 0.389156 0.448204 0.085469 0.107723
1 0.417789 0.382453 0.064109 0.098333
1 0.432008 0.328087 0.055672 0.074718
1 0.533383 0.476444 0.083328 0.127770
1 0.421219 0.169847 0.023719 0.035047
1 0.148078 0.615364 0.155562 0.206737
0 0.441445 0.708732 0.068453 0.161221
1 0.518188 0.369448 0.057094 0.083873
1 0.441102 0.273204 0.046828 0.067535
1 0.526539 0.248521 0.041391 0.065962
1 0.626984 0.461209 0.069437 0.121244
0 0.200719 0.430106 0.028031 0.064531
1 0.243711 0.479812 0.104078 0.130423
0 0.234969 0.663580 0.048562 0.135610
0 0.123695 0.512441 0.037391 0.083944
0 0.503906 0.566901 0.985938 0.730047
1 0.473438 0.359155 0.937500 0.525822