3 0.318547 0.496297 0.061531 0.108107
3 0.437328 0.506227 0.046281 0.083575
3 0.755789 0.740362 0.017422 0.051846
3 0.767539 0.737874 0.016078 0.053364
3 0.779211 0.738446 0.008766 0.046752
3 0.787891 0.737313 0.011156 0.043925
3 0.800648 0.734463 0.010297 0.047150
3 0.181938 0.573248 0.028969 0.158645
0 0.518469 0.591752 0.084156 0.150561
0 0.659750 0.695292 0.173937 0.544836
0 0.953320 0.641822 0.053297 0.136963
0 0.185266 0.523645 0.174719 0.238738
3 0.480906 0.526717 0.047531 0.088575
3 0.816172 0.733294 0.014375 0.046495
3 0.825469 0.732547 0.012562 0.042944
3 0.379984 0.499965 0.056250 0.089463