2 0.281351 0.867320 0.295856 0.263120
0 0.275811 0.790560 0.228799 0.368160
0 0.055991 0.680910 0.096306 0.181700
0 0.339895 0.598690 0.047057 0.048580
0 0.383664 0.603090 0.028468 0.075860
0 0.448844 0.597090 0.016306 0.040060
0 0.622027 0.617440 0.049520 0.099720
0 0.563468 0.597670 0.025556 0.043500
0 0.474745 0.599110 0.023423 0.043740
0 0.517913 0.616530 0.047658 0.093220
0 0.552342 0.591430 0.017718 0.025860
0 0.593018 0.599040 0.028318 0.049480
0 0.494625 0.596300 0.017838 0.040000
2 0.513799 0.645770 0.025856 0.054220