0 0.232992 0.126573 0.034234 0.087854
5 0.912078 0.627323 0.175844 0.192354
3 0.613000 0.418260 0.108906 0.517563
3 0.782641 0.495292 0.153531 0.618833
3 0.504953 0.414187 0.069031 0.422417
3 0.430859 0.429271 0.089375 0.515167
3 0.293570 0.384635 0.058766 0.388021
3 0.208453 0.420323 0.118531 0.474104
3 0.357961 0.409042 0.088609 0.487083
3 0.266586 0.402677 0.091828 0.395104
3 0.283117 0.083885 0.007391 0.025438
3 0.304937 0.082229 0.005094 0.021917
3 0.377117 0.256104 0.016703 0.126667
3 0.310930 0.110896 0.003703 0.018000