4 0.182258 0.896781 0.319359 0.180646
4 0.719133 0.730187 0.023516 0.057125
4 0.643219 0.729969 0.011250 0.059187
4 0.924562 0.746781 0.033719 0.063479
0 0.332867 0.739323 0.045516 0.292146
0 0.809828 0.733708 0.176969 0.510125
0 0.626398 0.662552 0.280828 0.598646
0 0.395016 0.682823 0.125500 0.494729
3 0.395578 0.897500 0.039125 0.193792
3 0.897625 0.749000 0.016063 0.058792
6 0.103180 0.801844 0.043547 0.016813
4 0.969727 0.761729 0.056641 0.057292
4 0.016195 0.938250 0.029484 0.123500
0 0.073094 0.658479 0.146187 0.522333
4 0.473828 0.725573 0.049469 0.051063