4 0.652570 0.385323 0.072797 0.121771
0 0.341492 0.554865 0.097203 0.264604
0 0.736516 0.450563 0.097750 0.429208
0 0.586547 0.583698 0.459844 0.445146
0 0.164383 0.525990 0.125734 0.286104
0 0.092305 0.410865 0.105703 0.464479
0 0.361297 0.326437 0.101125 0.296625
0 0.426375 0.581385 0.246500 0.442771
0 0.986023 0.314833 0.027953 0.237250
0 0.587859 0.376292 0.096281 0.464625
0 0.272484 0.339917 0.102500 0.365250
0 0.459977 0.333323 0.099953 0.332104
2 0.043797 0.275167 0.040188 0.046542
0 0.255195 0.554542 0.120766 0.262333