2 0.230472 0.638352 0.454434 0.146234
2 0.553467 0.682789 0.035708 0.053766
1 0.709446 0.451000 0.144316 0.099687
1 0.788290 0.434492 0.160307 0.108922
0 0.615366 0.665164 0.244458 0.376609
0 0.084410 0.555562 0.033726 0.049375
0 0.850012 0.611664 0.159080 0.239828
0 0.040920 0.551914 0.076085 0.080047
0 0.474658 0.642328 0.179410 0.318750
0 0.775967 0.530523 0.099340 0.149078
0 0.632134 0.444812 0.063608 0.072813
2 0.771108 0.552945 0.032217 0.054109
0 0.491474 0.507164 0.068137 0.094891
0 0.069752 0.526617 0.041910 0.021922
0 0.179210 0.625969 0.272665 0.326344
0 0.439682 0.419773 0.027429 0.049703
2 0.059552 0.657758 0.114292 0.091422
2 0.774493 0.625781 0.046722 0.058500
0 0.884752 0.423445 0.060165 0.095953
2 0.883090 0.450695 0.035142 0.055047