1 0.378300 0.945414 0.129120 0.109171
1 0.046750 0.935521 0.093500 0.106604
1 0.178660 0.899171 0.037400 0.045455
1 0.290400 0.907594 0.051160 0.045187
0 0.606040 0.913088 0.046440 0.173824
0 0.645680 0.914826 0.043000 0.169866
0 0.515070 0.903690 0.030940 0.096364
0 0.547340 0.904198 0.023520 0.090642
1 0.230530 0.885816 0.031540 0.037727
0 0.435560 0.901083 0.011800 0.047353
1 0.257970 0.910388 0.017020 0.021096
1 0.276820 0.873890 0.044000 0.021310
0 0.455280 0.929118 0.025000 0.105508
0 0.493950 0.907299 0.023380 0.091658