3 0.284266 0.448333 0.006594 0.047059
3 0.271953 0.444673 0.007562 0.060261
4 0.925391 0.671373 0.096156 0.276144
4 0.678250 0.635964 0.101437 0.256961
6 0.410758 0.290948 0.010391 0.015752
6 0.423461 0.292353 0.008766 0.016275
6 0.434234 0.295572 0.008906 0.016765
6 0.443680 0.298840 0.008141 0.017026
6 0.429922 0.224167 0.007719 0.036699
6 0.438125 0.240065 0.006875 0.011307
4 0.876203 0.753252 0.140750 0.379771
3 0.278555 0.451275 0.006172 0.046471
3 0.214766 0.145474 0.010656 0.027418
6 0.450578 0.357157 0.006406 0.014183
4 0.579828 0.669085 0.097375 0.294641