0 0.147984 0.569281 0.292594 0.860521
0 0.225672 0.307823 0.186250 0.355687
0 0.785234 0.725250 0.429531 0.527958
0 0.820742 0.387490 0.187797 0.273146
3 0.273656 0.289573 0.006719 0.024604
3 0.335414 0.307031 0.012609 0.052521
3 0.321906 0.310323 0.009906 0.047188
6 0.237898 0.377458 0.034609 0.024875
0 0.430922 0.403521 0.165375 0.135917
3 0.263078 0.292229 0.010531 0.020417
3 0.347898 0.310969 0.010078 0.049229
3 0.406414 0.307719 0.012172 0.053604
3 0.365680 0.308771 0.011078 0.052667
3 0.387609 0.306875 0.012812 0.053333
3 0.378563 0.307167 0.012219 0.051250
3 0.305047 0.303656 0.015844 0.062062
3 0.312047 0.309323 0.010594 0.050813
3 0.356844 0.307417 0.011375 0.051500
3 0.294906 0.308052 0.007750 0.053146
3 0.341406 0.310417 0.142187 0.062500