0 0.944836 0.530824 0.018484 0.057979
0 0.415219 0.221117 0.021375 0.107979
0 0.394898 0.236848 0.021609 0.079388
0 0.054820 0.720758 0.024172 0.045399
0 0.102992 0.712234 0.025766 0.054096
0 0.778195 0.499840 0.013297 0.042234
0 0.875789 0.930785 0.030984 0.136941
0 0.956078 0.790838 0.019781 0.069441
0 0.591125 0.614814 0.277062 0.745691
0 0.907430 0.944907 0.019734 0.110186
0 0.862781 0.456795 0.006063 0.019814
0 0.934695 0.691316 0.019953 0.104920
0 0.918102 0.589960 0.019578 0.079761
1 0.181320 0.380120 0.022484 0.029654
0 0.502344 0.609043 0.967187 0.776596