2 0.796523 0.460691 0.083234 0.167986
2 0.748555 0.443396 0.081172 0.187728
0 0.042641 0.503443 0.080594 0.255644
0 0.892156 0.394368 0.055250 0.250234
1 0.973148 0.355410 0.034297 0.044356
6 0.113688 0.620738 0.036906 0.077119
6 0.299102 0.538314 0.024266 0.051148
6 0.179562 0.589485 0.038937 0.036019
0 0.541016 0.364297 0.040125 0.135293
0 0.158523 0.467330 0.172641 0.284169
0 0.942102 0.369813 0.031109 0.121077
2 0.701750 0.442096 0.059844 0.172155
2 0.920195 0.378138 0.014641 0.032904
2 0.954930 0.371920 0.013266 0.045808
0 0.835187 0.361897 0.021625 0.031663
0 0.815766 0.365070 0.022500 0.023396
6 0.598969 0.458560 0.016469 0.014684
2 0.974062 0.436475 0.050531 0.109672