2 0.217828 0.776635 0.044188 0.035813
1 0.762875 0.797083 0.254062 0.243125
1 0.892656 0.703458 0.065094 0.054708
1 0.975633 0.683083 0.041828 0.056625
0 0.221352 0.763615 0.040078 0.124271
0 0.607820 0.706698 0.017797 0.038354
0 0.086898 0.728354 0.010516 0.017375
0 0.072945 0.762417 0.027328 0.095208
0 0.304570 0.745927 0.012641 0.061229
0 0.320797 0.735354 0.009406 0.043500
0 0.630664 0.707656 0.008359 0.040271
0 0.019930 0.770104 0.020578 0.088667
0 0.500008 0.710510 0.011172 0.028479
0 0.689484 0.697646 0.010781 0.031875
1 0.535766 0.729938 0.093250 0.062167
1 0.709086 0.703833 0.045016 0.044833
1 0.948742 0.679875 0.017547 0.029958
1 0.845813 0.680865 0.029187 0.023062
0 0.098711 0.763260 0.017422 0.087188
0 0.658969 0.709635 0.009938 0.033021
0 0.736187 0.731729 0.051344 0.043167
2 0.184227 0.783625 0.021172 0.028583
0 0.309375 0.769792 0.371875 0.160417