3 0.259734 0.804238 0.052219 0.186889
3 0.345438 0.766441 0.048219 0.119478
0 0.255406 0.486921 0.172437 0.489165
0 0.911531 0.426420 0.086781 0.177349
0 0.040367 0.510115 0.077359 0.382025
0 0.766133 0.599102 0.412984 0.781545
0 0.661687 0.489624 0.195281 0.419582
0 0.586422 0.591775 0.186656 0.760000
0 0.508164 0.579635 0.142328 0.572714
0 0.178281 0.387641 0.053812 0.123591
0 0.303664 0.356033 0.048547 0.074405
0 0.152891 0.498987 0.032844 0.093633
0 0.111352 0.544739 0.088266 0.257787
0 0.442164 0.565616 0.112234 0.538497
0 0.157211 0.632161 0.085859 0.120188
2 0.363547 0.625887 0.089563 0.106263