2 0.231117 0.868819 0.262922 0.133328
2 0.081922 0.812147 0.163031 0.171109
1 0.937477 0.750333 0.125047 0.155277
1 0.939727 0.717853 0.064578 0.047940
1 0.773211 0.722765 0.029359 0.032029
1 0.812375 0.718700 0.018250 0.026371
0 0.403016 0.811300 0.121531 0.306529
0 0.582695 0.732694 0.042297 0.100222
0 0.662727 0.735737 0.035078 0.105261
0 0.633766 0.733693 0.020844 0.088938
0 0.517531 0.727647 0.020156 0.100048
0 0.595453 0.704881 0.017000 0.051157
0 0.754016 0.721078 0.018063 0.054231
0 0.897078 0.729548 0.012781 0.020174
2 0.249414 0.832987 0.218016 0.154532
0 0.566797 0.726284 0.021219 0.097036
0 0.883578 0.726648 0.014625 0.034089