3 0.455008 0.213768 0.054016 0.083357
3 0.422180 0.162582 0.056516 0.108075
3 0.436570 0.196350 0.052391 0.080822
3 0.963773 0.554718 0.052109 0.067089
3 0.854750 0.714542 0.080250 0.098568
3 0.912977 0.849202 0.059891 0.078263
3 0.871414 0.756643 0.069922 0.080516
3 0.871789 0.784542 0.068672 0.091150
4 0.048430 0.334319 0.096859 0.246385
4 0.153125 0.195469 0.061187 0.148263
0 0.675391 0.630364 0.425219 0.688474
3 0.940023 0.485200 0.070797 0.084765
3 0.976656 0.571068 0.042781 0.076690
3 0.930375 0.525223 0.029313 0.038756
3 0.723187 0.413251 0.044406 0.063310