3 0.591562 0.499844 0.066656 0.264646
3 0.281672 0.393979 0.029594 0.101250
3 0.612602 0.299292 0.017953 0.088708
3 0.928133 0.305823 0.021297 0.089979
4 0.508516 0.351219 0.102344 0.129187
4 0.763969 0.420531 0.113969 0.206854
4 0.885688 0.673667 0.227656 0.381500
4 0.581836 0.900115 0.565016 0.172646
4 0.093945 0.806469 0.187891 0.368896
4 0.235281 0.374552 0.060313 0.140979
0 0.303367 0.323219 0.117984 0.229229
0 0.131211 0.545708 0.262422 0.650125
0 0.605461 0.255208 0.048547 0.150250
0 0.823266 0.560594 0.262344 0.615604
0 0.153945 0.335552 0.150422 0.287854
6 0.526836 0.600677 0.043453 0.084146
6 0.264703 0.442823 0.030344 0.051521
6 0.730469 0.464365 0.032313 0.031729
6 0.407438 0.402750 0.025406 0.036083
6 0.479555 0.393188 0.023047 0.034875
6 0.347453 0.563844 0.044125 0.072396
6 0.680516 0.539271 0.037687 0.068417
6 0.722922 0.518417 0.079906 0.081417
6 0.168250 0.497490 0.038969 0.063563
6 0.652336 0.413719 0.027328 0.030771