1 0.261898 0.878220 0.120734 0.065621
1 0.225000 0.829789 0.107031 0.060656
1 0.164656 0.746616 0.041281 0.072576
1 0.198336 0.798595 0.063391 0.060328
0 0.403539 0.944813 0.014703 0.070562
0 0.449836 0.976639 0.015453 0.046206
0 0.359805 0.934508 0.014766 0.069391
0 0.370109 0.883501 0.013219 0.057681
0 0.348219 0.840152 0.013000 0.054450
0 0.329406 0.844180 0.011375 0.058337
0 0.318789 0.822096 0.011109 0.053981
0 0.286992 0.793735 0.014641 0.058384
0 0.208617 0.740012 0.015078 0.049485
0 0.187750 0.747295 0.016000 0.048126
0 0.337789 0.817073 0.014453 0.058033
0 0.218945 0.739005 0.010453 0.047799
0 0.376844 0.936253 0.015000 0.062810
1 0.206125 0.807248 0.066500 0.039274
1 0.339992 0.978560 0.148484 0.042881
1 0.251797 0.838185 0.087469 0.035480
0 0.515625 0.759953 0.965625 0.475410