1 0.680430 0.602365 0.033141 0.033115
0 0.193227 0.673103 0.040141 0.197541
0 0.156117 0.666780 0.054203 0.210843
0 0.069711 0.677529 0.037484 0.208970
0 0.942367 0.621511 0.010359 0.056370
0 0.545430 0.643747 0.019547 0.076909
1 0.664352 0.593630 0.023422 0.026557
0 0.896500 0.632400 0.018625 0.073466
0 0.830914 0.602658 0.009078 0.039133
0 0.912289 0.609567 0.012516 0.028173
0 0.932203 0.621323 0.010969 0.055761
0 0.942891 0.592845 0.011625 0.010515
0 0.881875 0.621206 0.009813 0.058197
1 0.661297 0.574122 0.015750 0.011475
1 0.593477 0.559040 0.019078 0.023091
1 0.562492 0.572237 0.020609 0.029110
1 0.660609 0.587787 0.022594 0.023630
0 0.234258 0.642424 0.014297 0.076979
0 0.122547 0.625656 0.024656 0.075480
0 0.790625 0.601874 0.068750 0.065574