3 0.519492 0.506448 0.031109 0.143271
3 0.563594 0.574646 0.031031 0.112917
6 0.398836 0.794406 0.048266 0.106104
0 0.934078 0.281427 0.129937 0.224729
0 0.522352 0.333198 0.100266 0.162354
0 0.346414 0.507854 0.218609 0.369958
0 0.208609 0.611240 0.235156 0.473271
0 0.682648 0.396760 0.108047 0.281938
0 0.768563 0.469156 0.184500 0.398396
0 0.858992 0.641573 0.282016 0.694396
0 0.645508 0.338760 0.080891 0.182021
6 0.579734 0.620771 0.037719 0.076208
6 0.616586 0.734156 0.047953 0.127896
6 0.587406 0.723615 0.023156 0.092646
6 0.489016 0.627458 0.035875 0.078042
6 0.577133 0.504938 0.027641 0.021167
6 0.581180 0.537115 0.028641 0.052813
6 0.492656 0.549229 0.028719 0.083667
6 0.597070 0.930396 0.068266 0.122917
0 0.351352 0.382521 0.093922 0.238208
0 0.401789 0.346604 0.107109 0.193667
0 0.123875 0.654375 0.247750 0.667417
3 0.550594 0.451250 0.014813 0.049542
6 0.674219 0.634375 0.517188 0.502083