5 0.446617 0.627658 0.072953 0.096066
0 0.725047 0.474098 0.226906 0.909930
0 0.380648 0.704789 0.153734 0.268220
0 0.159680 0.696628 0.094453 0.341593
0 0.094898 0.697927 0.058359 0.327658
0 0.605609 0.657611 0.113031 0.388431
0 0.865008 0.692752 0.067266 0.388454
0 0.055438 0.698021 0.050781 0.325363
2 0.160453 0.787693 0.067156 0.214778
0 0.824727 0.646452 0.081109 0.366206
0 0.994500 0.704239 0.011000 0.256487
0 0.552078 0.521241 0.095281 0.258220
0 0.940328 0.640422 0.116344 0.506230
4 0.377055 0.777166 0.105266 0.099485