4 0.610609 0.746792 0.287531 0.506417
4 0.228039 0.800667 0.108109 0.373875
4 0.165008 0.738479 0.071016 0.481708
4 0.030883 0.548562 0.061766 0.157542
4 0.934562 0.783323 0.130875 0.416313
0 0.665727 0.624031 0.235953 0.615729
0 0.319164 0.389167 0.071953 0.197708
0 0.922187 0.467042 0.155625 0.287625
0 0.728187 0.425510 0.035875 0.150938
6 0.814125 0.573875 0.027937 0.047333
6 0.852547 0.631063 0.043938 0.041292
6 0.853367 0.605917 0.045391 0.030833
4 0.699953 0.529500 0.023875 0.107208
6 0.770320 0.592896 0.027328 0.064708