1 0.529656 0.423583 0.048688 0.033542
1 0.458398 0.382052 0.053203 0.060896
1 0.250148 0.250896 0.011609 0.015208
0 0.525844 0.360135 0.011500 0.031438
0 0.722992 0.596240 0.022484 0.072646
0 0.645188 0.427927 0.010187 0.031688
0 0.804867 0.536167 0.010016 0.054667
0 0.731625 0.523687 0.019656 0.051667
0 0.451430 0.867719 0.023672 0.083062
0 0.513836 0.901604 0.034203 0.088500
0 0.334625 0.737948 0.022750 0.077479
0 0.969906 0.543531 0.028094 0.065437
0 0.664094 0.760479 0.027187 0.073292
0 0.756477 0.570292 0.025609 0.064708
1 0.416852 0.354042 0.052109 0.058792
0 0.380008 0.622906 0.012359 0.024646
0 0.521062 0.661396 0.017281 0.065500
0 0.489063 0.570833 0.975000 0.783333