2 0.453484 0.827801 0.217531 0.211327
2 0.888539 0.832518 0.037797 0.102088
2 0.706313 0.565258 0.060469 0.211155
2 0.849281 0.558047 0.066219 0.209902
0 0.339219 0.752138 0.072156 0.286585
0 0.067148 0.743022 0.087828 0.291695
0 0.815000 0.810663 0.078875 0.216757
2 0.764719 0.565835 0.073906 0.209214
2 0.904070 0.561818 0.077703 0.207813
2 0.965961 0.558722 0.068078 0.218968
2 0.892977 0.761953 0.053734 0.189656
0 0.451328 0.749337 0.114281 0.329926
2 0.761180 0.835467 0.037516 0.103514
2 0.837023 0.834017 0.043641 0.109656
0 0.790828 0.767654 0.078875 0.349115
2 0.942820 0.814791 0.060672 0.129042
2 0.494531 0.619165 0.989062 0.525799