0 0.117977 0.351677 0.229203 0.519104
0 0.900398 0.349323 0.199203 0.483063
6 0.571336 0.443490 0.031859 0.070187
6 0.148484 0.480052 0.054344 0.047729
5 0.205344 0.742677 0.410687 0.514646
5 0.723312 0.759552 0.553375 0.458437
5 0.315914 0.453958 0.122766 0.191333
0 0.803937 0.340448 0.171906 0.294396
6 0.293609 0.450896 0.041406 0.061208
6 0.416570 0.482240 0.041859 0.060312
6 0.877078 0.648885 0.084687 0.140021
6 0.523320 0.469802 0.063359 0.077854
6 0.562172 0.403344 0.023656 0.042979
4 0.318453 0.396646 0.135187 0.043958
5 0.732414 0.463781 0.121516 0.144479
5 0.617328 0.388187 0.124750 0.121292
5 0.285734 0.406948 0.160656 0.116229
6 0.959070 0.672740 0.081859 0.180979