3 0.673836 0.474707 0.011328 0.028993
3 0.704266 0.474871 0.009156 0.029789
3 0.714398 0.474731 0.011047 0.028946
3 0.693828 0.475831 0.010469 0.030398
3 0.663273 0.481721 0.007203 0.019461
6 0.294977 0.702295 0.025109 0.026417
6 0.285188 0.731042 0.020688 0.029532
6 0.290422 0.792037 0.022781 0.032974
6 0.307516 0.777283 0.019938 0.035504
6 0.282258 0.605211 0.020984 0.033372
6 0.288008 0.648478 0.021766 0.029930
6 0.295172 0.596733 0.020750 0.027190
6 0.304914 0.594005 0.013453 0.025105
6 0.307711 0.688337 0.013547 0.022201
3 0.683500 0.475984 0.011969 0.031077