4 0.400758 0.831927 0.135828 0.336146
4 0.536438 0.842635 0.052000 0.063354
6 0.897219 0.692010 0.018625 0.036521
6 0.902984 0.665396 0.022812 0.037208
0 0.437359 0.714604 0.207313 0.471917
0 0.532305 0.609719 0.099266 0.215562
0 0.493391 0.549000 0.063125 0.152875
0 0.161242 0.559000 0.139766 0.188000
0 0.045422 0.628021 0.090844 0.272125
0 0.717422 0.582031 0.118031 0.166437
0 0.935992 0.578385 0.128016 0.164021
0 0.838461 0.586562 0.146734 0.156042
6 0.483523 0.650552 0.007547 0.023521
4 0.880914 0.956542 0.089922 0.086917
4 0.078164 0.606177 0.048516 0.028646
5 0.101344 0.706698 0.177062 0.145521
5 0.252531 0.616437 0.132781 0.102708
5 0.957633 0.717490 0.084734 0.138854
5 0.595094 0.587469 0.051094 0.076646
5 0.809719 0.645437 0.084906 0.073458
5 0.914516 0.628521 0.136281 0.089417
5 0.581180 0.684354 0.136328 0.121167
5 0.454375 0.607271 0.052031 0.079458
5 0.338938 0.617208 0.068031 0.093458
0 0.282695 0.674083 0.157734 0.394208
4 0.691406 0.945583 0.017250 0.018792
6 0.921570 0.717969 0.026047 0.047729