4 0.602133 0.816056 0.228703 0.346883
0 0.182664 0.610847 0.285078 0.650356
0 0.558070 0.595293 0.247297 0.559289
0 0.786359 0.677134 0.427281 0.645732
6 0.427203 0.606653 0.045062 0.067197
6 0.506055 0.765356 0.044828 0.105188
6 0.472719 0.594205 0.025781 0.058577
6 0.480570 0.581349 0.026672 0.058933
3 0.466430 0.204833 0.021953 0.082887
3 0.298750 0.135293 0.028125 0.105900
3 0.490305 0.055879 0.028109 0.110586
3 0.517156 0.065962 0.024781 0.087364
3 0.231320 0.133054 0.025297 0.103347
3 0.371437 0.230596 0.018688 0.042657
6 0.514727 0.600973 0.035422 0.039477
3 0.407391 0.197103 0.041469 0.109686
3 0.450398 0.575178 0.021953 0.090439
3 0.257828 0.113672 0.030156 0.068347
3 0.205891 0.135471 0.034563 0.104540
3 0.279117 0.143839 0.022828 0.085042
3 0.539844 0.080492 0.012594 0.061192
3 0.465719 0.069404 0.021344 0.090146
3 0.421094 0.166318 0.229687 0.173640