2 0.385437 0.779646 0.648813 0.419708
2 0.553648 0.539917 0.260734 0.175958
0 0.510070 0.448760 0.107391 0.351229
0 0.179969 0.549823 0.144937 0.687646
0 0.592906 0.305750 0.054156 0.083875
0 0.312914 0.576281 0.095641 0.494396
0 0.704852 0.389396 0.055172 0.142625
0 0.805781 0.396437 0.055437 0.155750
0 0.249094 0.391146 0.053531 0.192583
0 0.327516 0.354260 0.062875 0.114312
0 0.761930 0.389500 0.037297 0.129500
0 0.627906 0.338188 0.030687 0.055708
0 0.050648 0.481948 0.101297 0.520938
0 0.653500 0.347104 0.038281 0.067792
0 0.557695 0.334219 0.041172 0.085021