3 0.085413 0.408290 0.047360 0.119780
3 0.145840 0.398270 0.053227 0.139700
3 0.192880 0.401930 0.041173 0.132180
3 0.151720 0.196170 0.031013 0.083620
2 0.558040 0.621180 0.883920 0.545880
3 0.100267 0.188420 0.054720 0.113360
3 0.256533 0.342620 0.015733 0.045280
3 0.214907 0.357580 0.019787 0.065160
3 0.050333 0.618930 0.053680 0.137660
3 0.245080 0.168240 0.038853 0.062120
3 0.022773 0.181050 0.012427 0.031420
3 0.121467 0.411940 0.034240 0.112840
3 0.175133 0.393920 0.019867 0.093400
3 0.096173 0.622740 0.037200 0.133680
3 0.100000 0.401000 0.200000 0.538000