2 0.307492 0.642728 0.023328 0.103208
0 0.546734 0.594895 0.035906 0.158267
0 0.576117 0.598173 0.050641 0.165105
0 0.620391 0.615937 0.073687 0.205457
0 0.812570 0.615585 0.078609 0.217400
0 0.786234 0.541417 0.028469 0.132998
0 0.958172 0.473934 0.047625 0.166042
0 0.926906 0.446194 0.034875 0.065925
0 0.889352 0.475082 0.010078 0.031897
0 0.144680 0.452799 0.037484 0.051686
0 0.845500 0.466148 0.013531 0.042881
0 0.747812 0.564028 0.022844 0.140843
0 0.990602 0.425726 0.018797 0.065035
0 0.253578 0.450562 0.061625 0.053255
0 0.545312 0.528103 0.678125 0.161593