3 0.385364 0.596703 0.052559 0.108438
3 0.502606 0.621758 0.040235 0.045578
3 0.337242 0.581063 0.028286 0.059937
3 0.303204 0.636203 0.030352 0.056781
3 0.273568 0.624656 0.031831 0.071719
3 0.340282 0.420328 0.065493 0.083219
3 0.245599 0.647859 0.044953 0.053906
3 0.339331 0.635336 0.040775 0.047734
6 0.606021 0.833531 0.067394 0.071313
3 0.420692 0.594266 0.025047 0.059594
3 0.307218 0.612586 0.037113 0.080453
3 0.237113 0.617391 0.033380 0.034000
3 0.443251 0.609836 0.053216 0.072922
3 0.486678 0.609031 0.035329 0.058531