3 0.455430 0.609927 0.038141 0.198640
3 0.633336 0.497814 0.027047 0.088222
3 0.480367 0.662249 0.050734 0.155628
4 0.846977 0.924927 0.302484 0.150146
4 0.577172 0.466182 0.073281 0.107887
4 0.602789 0.413421 0.065453 0.049435
4 0.907523 0.490502 0.062328 0.120502
4 0.326898 0.461956 0.070859 0.171025
0 0.262414 0.464937 0.242234 0.340084
0 0.157766 0.611391 0.305469 0.579770
0 0.040008 0.328389 0.079703 0.173975
0 0.782969 0.651454 0.253125 0.587678
4 0.946492 0.583211 0.107016 0.196590
0 0.179422 0.358734 0.094688 0.238013
4 0.137234 0.921684 0.270875 0.156632
4 0.927766 0.763609 0.098250 0.228682
0 0.438109 0.422584 0.151531 0.272824