3 0.484883 0.722771 0.016766 0.056583
3 0.491289 0.717333 0.011016 0.054583
3 0.418969 0.738417 0.018344 0.050792
3 0.409250 0.726052 0.011219 0.056854
3 0.693820 0.857948 0.021766 0.093271
0 0.637422 0.635594 0.113750 0.269104
0 0.397062 0.675833 0.166844 0.229375
0 0.569141 0.569688 0.055937 0.128792
0 0.834266 0.760677 0.249437 0.456188
0 0.514477 0.571438 0.087172 0.128667
6 0.360969 0.772687 0.025969 0.067458
0 0.400680 0.553760 0.038391 0.047813
4 0.637484 0.451427 0.032781 0.034479
3 0.389391 0.702375 0.018719 0.069458
0 0.126852 0.741563 0.253703 0.496292
4 0.607641 0.456760 0.030562 0.034854