6 0.629213 0.861800 0.281627 0.253920
0 0.457400 0.531610 0.783280 0.773540
0 0.729093 0.361130 0.097173 0.128380
0 0.844347 0.355320 0.057920 0.110280
0 0.911427 0.357730 0.059653 0.083980
0 0.132400 0.318730 0.049707 0.074540
0 0.215587 0.328770 0.086853 0.064300
0 0.705813 0.320230 0.034987 0.026860
0 0.792613 0.357360 0.071573 0.111880
0 0.980413 0.448850 0.039173 0.133420
0 0.047373 0.355230 0.087813 0.093260
0 0.255453 0.380780 0.077093 0.056960
0 0.255760 0.307170 0.032427 0.051060
0 0.881400 0.345340 0.032720 0.088960
4 0.961120 0.670160 0.077760 0.320440
4 0.052933 0.407630 0.105867 0.121660