4 0.812672 0.479667 0.038906 0.056833
2 0.038961 0.550010 0.051453 0.074604
0 0.515594 0.536312 0.160062 0.195833
0 0.859883 0.473698 0.041859 0.113146
0 0.224344 0.480969 0.025500 0.102354
0 0.397008 0.463615 0.015859 0.080062
0 0.363531 0.458021 0.023625 0.088542
0 0.055641 0.475000 0.025312 0.088708
0 0.017563 0.472698 0.035125 0.099937
0 0.080656 0.453604 0.022969 0.062083
0 0.907750 0.490417 0.038344 0.138750
0 0.422055 0.481583 0.033453 0.049500
0 0.131500 0.453063 0.033813 0.071542
0 0.909133 0.454656 0.037172 0.071229