3 0.518859 0.815740 0.093750 0.340521
3 0.689422 0.744250 0.077000 0.370250
3 0.903180 0.778417 0.091266 0.423083
4 0.633352 0.555323 0.115016 0.232354
4 0.979180 0.590354 0.041641 0.316917
4 0.494375 0.481563 0.020438 0.093250
0 0.320102 0.512385 0.420609 0.673438
6 0.205086 0.889375 0.068484 0.177833
6 0.560781 0.843417 0.035875 0.230667
3 0.981266 0.765792 0.037469 0.431417
6 0.925070 0.947708 0.105516 0.104583
6 0.927578 0.883750 0.077094 0.048833
6 0.422828 0.982615 0.083281 0.034771
4 0.925625 0.468000 0.076281 0.046375
0 0.778500 0.509792 0.397562 0.603333