3 0.079233 0.583702 0.013667 0.052901
3 0.044542 0.603232 0.014683 0.080662
4 0.595708 0.853117 0.098983 0.208168
4 0.506183 0.905662 0.109667 0.188677
4 0.277117 0.761260 0.087067 0.098295
4 0.320550 0.631718 0.029067 0.142316
4 0.084358 0.858270 0.152150 0.121120
0 0.362500 0.582723 0.068067 0.300509
0 0.425225 0.515509 0.064050 0.172494
3 0.031625 0.604771 0.012917 0.071578
3 0.052992 0.599084 0.014783 0.078982
6 0.146233 0.616310 0.019267 0.040102
4 0.188458 0.684707 0.029417 0.181018
3 0.064525 0.583359 0.016383 0.053893
3 0.018992 0.611628 0.015183 0.071298
4 0.591275 0.874211 0.095517 0.251578
4 0.813892 0.930216 0.164450 0.138142
4 0.267658 0.630573 0.029750 0.122519
4 0.462175 0.731336 0.076083 0.060025