1 0.762242 0.639940 0.044203 0.026208
1 0.799281 0.638877 0.018000 0.023116
1 0.871719 0.641051 0.073156 0.053406
2 0.098898 0.951304 0.105422 0.097391
2 0.389813 0.727693 0.024844 0.097947
2 0.438742 0.952585 0.037109 0.094831
0 0.118008 0.800676 0.186484 0.376135
0 0.502680 0.836751 0.106297 0.326498
0 0.439391 0.819444 0.075281 0.350193
0 0.295875 0.840036 0.146875 0.319928
0 0.820516 0.880097 0.171313 0.239807
0 0.768344 0.822633 0.044250 0.189082
0 0.626719 0.764179 0.058875 0.166135
0 0.571266 0.732186 0.044312 0.176063
0 0.642609 0.676908 0.039656 0.142609
0 0.937258 0.740411 0.039672 0.093671
0 0.977891 0.748466 0.043938 0.096014
0 0.739422 0.823164 0.032531 0.084058
1 0.808992 0.641872 0.016859 0.029976
2 0.493891 0.982017 0.031938 0.035966
0 0.978508 0.656208 0.035328 0.111594
2 0.912344 0.922077 0.144500 0.129855
0 0.499219 0.766908 0.998437 0.461353