1 0.170500 0.657743 0.104438 0.194017
2 0.767430 0.882883 0.156422 0.150907
2 0.697867 0.690875 0.034828 0.098683
0 0.527906 0.260205 0.073594 0.134363
0 0.475039 0.211803 0.078484 0.159849
0 0.397719 0.262570 0.091281 0.133996
0 0.909617 0.793380 0.180766 0.410994
0 0.502344 0.729222 0.146313 0.397754
0 0.535672 0.734838 0.089406 0.395508
0 0.623461 0.576523 0.116766 0.107084
0 0.756766 0.721080 0.067312 0.275896
0 0.811562 0.708510 0.222906 0.303197
0 0.332422 0.258045 0.061562 0.138898
0 0.813047 0.617711 0.041844 0.067084
0 0.431078 0.187181 0.050875 0.108747
0 0.599945 0.742700 0.203109 0.385270
2 0.811195 0.708693 0.044984 0.101706