3 0.215240 0.551893 0.051520 0.091573
3 0.214210 0.391667 0.044740 0.163600
3 0.092130 0.639013 0.077580 0.215520
3 0.919400 0.580333 0.054160 0.237040
3 0.626150 0.222573 0.050900 0.041787
3 0.599840 0.315667 0.028120 0.066000
3 0.868860 0.599960 0.069120 0.202800
3 0.192670 0.197440 0.035260 0.149973
3 0.157240 0.198467 0.037280 0.149093
3 0.915450 0.372013 0.038980 0.095920
3 0.554650 0.324520 0.023100 0.058693
3 0.213750 0.150147 0.023540 0.046587
3 0.581490 0.313413 0.015140 0.066133
3 0.500000 0.416000 0.920000 0.597333