3 0.213406 0.465063 0.016313 0.048000
3 0.225312 0.466958 0.008531 0.029500
4 0.056734 0.692406 0.113469 0.297979
4 0.273008 0.515219 0.019547 0.105687
4 0.364063 0.479708 0.016688 0.126167
0 0.909633 0.560802 0.177359 0.398646
0 0.145977 0.480083 0.090609 0.176750
0 0.254273 0.499396 0.112516 0.293500
0 0.284594 0.404833 0.048000 0.102000
0 0.398820 0.389208 0.073297 0.249000
0 0.676367 0.321542 0.034328 0.085083
0 0.714797 0.411906 0.055969 0.113021
0 0.768711 0.406146 0.105828 0.191500
0 0.679789 0.372396 0.051609 0.092125
0 0.048984 0.621625 0.094594 0.457208
4 0.308773 0.451688 0.007516 0.030750
0 0.558297 0.411656 0.074000 0.378937
0 0.833945 0.474781 0.153484 0.204646
0 0.628430 0.365687 0.046828 0.190792
4 0.169375 0.626844 0.055125 0.171854
0 0.500000 0.389583 0.996875 0.204167