0 0.339523 0.542229 0.476359 0.915542
0 0.770906 0.498708 0.458188 0.997375
3 0.822914 0.201458 0.080453 0.124500
3 0.957359 0.180312 0.085031 0.125167
3 0.921289 0.044417 0.081609 0.088833
3 0.924844 0.182094 0.085031 0.132771
3 0.843828 0.070115 0.073563 0.104562
3 0.949031 0.039354 0.040406 0.076542
3 0.912250 0.178385 0.108531 0.148438
3 0.817141 0.075896 0.068000 0.109250
3 0.977070 0.187625 0.044328 0.100625
3 0.787375 0.088625 0.035813 0.054458
3 0.874953 0.194260 0.088125 0.128271
3 0.848383 0.200063 0.083953 0.120958
3 0.799680 0.213219 0.045609 0.084812
6 0.039172 0.603010 0.059844 0.106729
3 0.832031 0.056250 0.160938 0.108333