1 0.877430 0.260052 0.037078 0.045229
1 0.811922 0.240177 0.061469 0.032271
1 0.781648 0.258729 0.046922 0.041375
0 0.189312 0.497896 0.247156 0.817250
0 0.294195 0.251104 0.038328 0.095083
0 0.608336 0.605875 0.311172 0.788250
0 0.559469 0.590042 0.283969 0.819917
1 0.854336 0.247833 0.024484 0.023750
0 0.437266 0.254208 0.021469 0.068792
2 0.303422 0.301198 0.015500 0.016063
1 0.776484 0.231115 0.010156 0.018062
0 0.453977 0.257188 0.012078 0.061708
1 0.833687 0.265000 0.065250 0.050708
1 0.554375 0.274063 0.057437 0.070833