4 0.916250 0.522305 0.092583 0.128141
4 0.946292 0.638047 0.107417 0.195094
4 0.062552 0.626039 0.125104 0.279609
4 0.973354 0.520789 0.053292 0.132297
4 0.080802 0.445008 0.093854 0.085484
4 0.184031 0.405453 0.048813 0.027031
0 0.496615 0.534430 0.872854 0.880359
0 0.840958 0.407445 0.018542 0.018891
4 0.093333 0.427250 0.077250 0.057125
4 0.116604 0.401086 0.017333 0.030641
4 0.933802 0.457797 0.047646 0.020000
4 0.881802 0.461984 0.033646 0.050875
4 0.160323 0.391219 0.017521 0.007062
4 0.966052 0.438828 0.032604 0.036594