4 0.921813 0.892617 0.156375 0.214766
4 0.535458 0.864680 0.197042 0.252328
4 0.745885 0.860852 0.206062 0.278297
4 0.716781 0.743242 0.133021 0.080172
4 0.725594 0.718875 0.096563 0.053125
0 0.513510 0.697070 0.144146 0.200453
0 0.320062 0.659437 0.100625 0.176594
0 0.413406 0.654703 0.083354 0.084687
0 0.759438 0.676594 0.108000 0.119562
0 0.605812 0.662633 0.099583 0.117766
0 0.938458 0.698969 0.109375 0.218406
0 0.227208 0.777508 0.454417 0.417047
0 0.372740 0.675156 0.091354 0.122812
3 0.600594 0.592609 0.010521 0.033437
3 0.800396 0.605352 0.010083 0.020859
3 0.777896 0.615859 0.037083 0.058500
3 0.760490 0.602117 0.011604 0.024516
3 0.740323 0.600477 0.011396 0.027547
3 0.727646 0.605055 0.016542 0.019984
3 0.716427 0.604336 0.008937 0.024297
6 0.423750 0.713437 0.026875 0.041875
6 0.680052 0.688375 0.012687 0.010000
6 0.673240 0.653203 0.036146 0.021937
4 0.371833 0.726172 0.033083 0.054531
0 0.455469 0.640805 0.053437 0.038859
0 0.479667 0.628492 0.031375 0.031266
0 0.695438 0.631031 0.046917 0.061719
0 0.057333 0.614242 0.039292 0.039297
3 0.663990 0.602023 0.015771 0.023641
3 0.610083 0.600281 0.010583 0.022281
3 0.750156 0.603625 0.010271 0.020563
3 0.692677 0.604297 0.011813 0.020750
6 0.697500 0.676102 0.024042 0.025359