3 0.282813 0.568894 0.021531 0.094588
3 0.238945 0.556141 0.020672 0.126071
3 0.085953 0.117906 0.035281 0.177506
3 0.009109 0.300671 0.018219 0.093812
3 0.030320 0.289306 0.024766 0.108165
3 0.474133 0.410471 0.020234 0.104471
3 0.209773 0.416518 0.023391 0.125082
3 0.232477 0.416541 0.023141 0.126447
3 0.277375 0.414729 0.023563 0.120847
3 0.299187 0.414282 0.022781 0.121600
3 0.254391 0.415165 0.024219 0.119976
3 0.344102 0.409988 0.022234 0.119035
3 0.201383 0.560882 0.021609 0.118565
3 0.292187 0.329412 0.581250 0.607059