2 0.022180 0.667308 0.019920 0.100928
0 0.021820 0.620769 0.041320 0.118727
0 0.306650 0.636870 0.041660 0.038143
0 0.617510 0.702666 0.062900 0.059443
0 0.816520 0.707626 0.062640 0.075411
1 0.505210 0.799549 0.382100 0.380637
1 0.851760 0.732798 0.296480 0.235517
1 0.318850 0.705942 0.181900 0.220212
1 0.661610 0.676751 0.145300 0.148674
1 0.276100 0.627042 0.140920 0.189629
1 0.171010 0.615199 0.033940 0.086101
1 0.145340 0.584589 0.052400 0.060371
1 0.111430 0.578289 0.064220 0.055358
1 0.511710 0.603369 0.125380 0.038196
1 0.052860 0.597984 0.047760 0.081592
1 0.201650 0.632838 0.031100 0.126048
1 0.236000 0.521326 0.032160 0.026419
1 0.031810 0.627560 0.061740 0.127321
1 0.253000 0.529178 0.414000 0.262599