2 0.324500 0.470083 0.017906 0.076417
1 0.124461 0.426719 0.248922 0.528021
1 0.256734 0.459094 0.085656 0.152604
1 0.285008 0.441083 0.040547 0.097500
1 0.337148 0.431583 0.018266 0.038208
1 0.374031 0.431052 0.020563 0.028771
1 0.395914 0.412125 0.026141 0.018083
0 0.485445 0.430229 0.022141 0.073083
0 0.469398 0.431896 0.018266 0.062875
0 0.316992 0.431625 0.033391 0.141333
1 0.371211 0.409927 0.021141 0.013938
1 0.362367 0.430760 0.013859 0.029062
1 0.449008 0.426646 0.028703 0.033292
1 0.354148 0.432406 0.015609 0.035354
1 0.204305 0.767687 0.408609 0.438667
0 0.143180 0.386219 0.142203 0.763646