3 0.419290 0.666333 0.031660 0.167973
4 0.791740 0.534040 0.125000 0.096773
4 0.371270 0.425160 0.055540 0.094000
4 0.543440 0.441160 0.099040 0.070427
4 0.455760 0.446653 0.081440 0.136667
4 0.086800 0.809133 0.173600 0.355067
4 0.206980 0.429707 0.115400 0.169440
0 0.133990 0.553933 0.254500 0.307867
0 0.622200 0.530267 0.208520 0.163680
0 0.678270 0.375920 0.104180 0.148693
0 0.920310 0.496587 0.159380 0.229813
0 0.317040 0.356160 0.081320 0.145813
5 0.894250 0.645253 0.208780 0.236053
5 0.237940 0.528027 0.166480 0.172640
5 0.612740 0.363720 0.038840 0.065360
5 0.245860 0.331160 0.038560 0.051120
5 0.751500 0.546653 0.106040 0.145627
5 0.961570 0.531907 0.074700 0.054000
4 0.722730 0.479693 0.115460 0.152613
4 0.340680 0.504240 0.107160 0.094133
4 0.463210 0.367133 0.038900 0.029840
4 0.504240 0.540053 0.063320 0.063840
4 0.745430 0.408973 0.040780 0.035227
4 0.708290 0.935733 0.447940 0.128533
0 0.977660 0.358000 0.042640 0.075893
5 0.521110 0.352133 0.067580 0.070560