3 0.537990 0.607011 0.032580 0.148256
3 0.686650 0.372331 0.016500 0.078897
3 0.934460 0.651174 0.022880 0.102776
0 0.493810 0.700000 0.442020 0.532598
0 0.581870 0.255783 0.042420 0.105231
0 0.341730 0.300765 0.036660 0.055694
0 0.544210 0.256744 0.038300 0.099324
3 0.651150 0.375160 0.017620 0.030178
3 0.535720 0.429644 0.021880 0.087402
6 0.218360 0.776352 0.041480 0.085516
6 0.560350 0.630391 0.016940 0.046975
6 0.665430 0.545854 0.018460 0.039395
0 0.035350 0.465765 0.070500 0.686406
3 0.511500 0.545907 0.018320 0.088754
6 0.622000 0.456690 0.015400 0.024911
6 0.932750 0.688683 0.017620 0.021637
0 0.802750 0.184039 0.094060 0.368078
6 0.534660 0.978559 0.032160 0.042883