2 0.723890 0.378591 0.147220 0.106261
2 0.655860 0.735905 0.175880 0.110564
2 0.680800 0.676395 0.134040 0.113027
0 0.507190 0.753843 0.080940 0.153205
0 0.163820 0.684318 0.060080 0.268635
0 0.660660 0.599881 0.056920 0.108843
0 0.813690 0.651706 0.062140 0.261988
0 0.835540 0.622596 0.043080 0.224955
0 0.701830 0.343798 0.056100 0.172107
0 0.105640 0.674006 0.053040 0.269080
0 0.933100 0.631009 0.046840 0.202077
0 0.967630 0.638887 0.028740 0.176113
0 0.869520 0.635504 0.052880 0.195579
2 0.892760 0.690638 0.036840 0.071602
2 0.923370 0.678828 0.057860 0.099970
2 0.408700 0.374451 0.045360 0.053828
2 0.387410 0.375178 0.042460 0.053145
2 0.363960 0.378605 0.050760 0.050979
2 0.339690 0.381142 0.043900 0.046380
2 0.316860 0.381795 0.029520 0.046261