2 0.863641 0.738708 0.106594 0.180292
0 0.482609 0.597854 0.035406 0.046375
0 0.191148 0.614240 0.053516 0.202937
0 0.252242 0.616792 0.052641 0.224708
0 0.865773 0.638917 0.083891 0.333333
0 0.693375 0.711615 0.050344 0.217479
0 0.460797 0.628844 0.056281 0.150979
0 0.522406 0.626458 0.068625 0.111125
0 0.362687 0.544375 0.021781 0.108417
0 0.399633 0.544813 0.037016 0.104375
0 0.438555 0.546313 0.027453 0.109000
0 0.146820 0.599708 0.053328 0.180958
0 0.538883 0.565115 0.046234 0.152021
0 0.064625 0.578708 0.032937 0.143542
0 0.281250 0.564583 0.475000 0.320833