4 0.753922 0.695469 0.025219 0.055493
2 0.174250 0.751279 0.042281 0.091901
2 0.264789 0.687183 0.029859 0.052347
2 0.307211 0.681244 0.029953 0.074648
1 0.895492 0.670822 0.121578 0.088028
0 0.178047 0.719918 0.050969 0.137394
0 0.310602 0.655188 0.037578 0.118920
0 0.384680 0.647453 0.028047 0.102512
0 0.263969 0.654296 0.026969 0.109812
0 0.436750 0.630434 0.012031 0.055657
0 0.478492 0.625176 0.019516 0.063404
0 0.638953 0.650646 0.026031 0.116127
0 0.810750 0.664977 0.020313 0.051878
0 0.428617 0.647042 0.011453 0.052629
1 0.962305 0.644636 0.039828 0.055329
4 0.795156 0.699448 0.032688 0.058897
0 0.609070 0.633063 0.012672 0.059977
0 0.571172 0.616150 0.012875 0.026761
2 0.383133 0.673474 0.010984 0.050469
1 0.978852 0.663251 0.042297 0.133216
0 0.415648 0.637700 0.016703 0.071362
4 0.819109 0.696631 0.017344 0.054577
4 0.757656 0.667653 0.013875 0.001925
0 0.782492 0.677723 0.049984 0.091033
0 0.471875 0.627934 0.062500 0.068075