1 0.362359 0.911835 0.060219 0.134635
0 0.129539 0.917047 0.083672 0.163647
0 0.254773 0.899541 0.075766 0.161059
0 0.348461 0.901224 0.027297 0.145271
0 0.317945 0.898941 0.041578 0.160424
0 0.222023 0.872318 0.027047 0.109624
0 0.596602 0.888824 0.359766 0.198635
0 0.382453 0.837388 0.019906 0.021412
0 0.208961 0.845729 0.018672 0.063835
0 0.170766 0.943541 0.063594 0.112918
0 0.733750 0.869129 0.185281 0.232094
0 0.159414 0.826259 0.033328 0.067247
0 0.166453 0.876318 0.017625 0.039318
0 0.072117 0.895694 0.052766 0.208612
0 0.501563 0.734118 0.990625 0.527059