0 0.481180 0.529208 0.298328 0.901125
0 0.228367 0.583583 0.443266 0.800000
0 0.782094 0.577698 0.368250 0.817562
3 0.297523 0.109531 0.016297 0.064562
3 0.372516 0.117594 0.017875 0.065854
3 0.618164 0.502812 0.023422 0.065917
5 0.958875 0.462313 0.065812 0.084542
0 0.584328 0.451115 0.108969 0.155688
3 0.381766 0.276646 0.022656 0.022333
3 0.388102 0.305385 0.011453 0.016563
3 0.147227 0.106344 0.016016 0.065021
3 0.061133 0.097865 0.016078 0.073063
3 0.872227 0.063708 0.017828 0.074000
3 0.376180 0.288542 0.005547 0.006708
3 0.949016 0.038625 0.022812 0.073750
0 0.852437 0.448177 0.166344 0.174937