4 0.211875 0.573197 0.207375 0.189204
0 0.607344 0.353407 0.424844 0.697307
0 0.184383 0.362740 0.090391 0.194754
0 0.290867 0.311452 0.084359 0.249274
0 0.498992 0.326440 0.049078 0.119391
0 0.474125 0.319649 0.045969 0.118689
0 0.033758 0.338595 0.063547 0.184356
0 0.247633 0.317611 0.045922 0.102810
3 0.170180 0.347834 0.014609 0.071030
0 0.423828 0.314321 0.055969 0.082412
0 0.395164 0.303583 0.034953 0.077190
4 0.290719 0.445492 0.107062 0.053044
4 0.362250 0.436967 0.112500 0.081335
4 0.386602 0.562377 0.058141 0.060070
4 0.256703 0.399227 0.047844 0.059063
4 0.047961 0.516756 0.063203 0.271499
4 0.396328 0.396499 0.029187 0.024005
4 0.350594 0.383478 0.050562 0.034450
0 0.104422 0.412026 0.123719 0.341616
0 0.337992 0.339508 0.040078 0.128056