2 0.033523 0.493271 0.020547 0.037458
1 0.231453 0.567385 0.237094 0.270979
1 0.365031 0.498333 0.069469 0.092625
1 0.382953 0.472125 0.057156 0.059083
0 0.421547 0.529990 0.051844 0.173896
0 0.487492 0.590021 0.100047 0.230042
0 0.490648 0.483833 0.063703 0.105542
0 0.464281 0.444135 0.015188 0.044104
0 0.019820 0.459281 0.013422 0.028646
0 0.127336 0.449948 0.010078 0.023604
0 0.471664 0.450073 0.014766 0.031646
1 0.118203 0.490427 0.033875 0.065187
0 0.033352 0.474333 0.018766 0.056750
2 0.483602 0.791406 0.095703 0.290063
2 0.424922 0.582990 0.022156 0.110937
1 0.018789 0.510823 0.037578 0.104021
1 0.351094 0.435667 0.017031 0.034750
1 0.337203 0.435625 0.017688 0.023917
1 0.456906 0.426854 0.007125 0.017208
1 0.460938 0.419479 0.009781 0.014458