2 0.488195 0.758583 0.495703 0.435603
2 0.098602 0.417924 0.155047 0.083884
0 0.457219 0.549844 0.190531 0.634196
0 0.722023 0.423594 0.072359 0.307857
0 0.829633 0.424275 0.102547 0.306540
0 0.954336 0.341127 0.029953 0.129040
0 0.217961 0.262723 0.011109 0.013437
0 0.291078 0.385915 0.075844 0.257634
0 0.346602 0.382969 0.066859 0.287857
0 0.130633 0.384152 0.053484 0.233304
0 0.058906 0.361004 0.062531 0.236563
1 0.266367 0.329531 0.051016 0.090893
1 0.228203 0.318694 0.127250 0.101719
1 0.010484 0.287679 0.020969 0.085223
0 0.336031 0.384475 0.041688 0.231808
0 0.372680 0.274777 0.036359 0.099196
0 0.650078 0.409643 0.081000 0.306696
1 0.882398 0.319096 0.015547 0.042031
1 0.008969 0.437132 0.017938 0.176272
1 0.503734 0.317511 0.032094 0.065201
0 0.034984 0.294821 0.016875 0.085312
1 0.481000 0.323114 0.031656 0.081406
1 0.936531 0.318348 0.123094 0.039062
0 0.215625 0.331473 0.284375 0.234375