2 0.984086 0.867885 0.031828 0.031521
2 0.788109 0.860396 0.049219 0.039792
0 0.498609 0.798854 0.012219 0.050292
0 0.541594 0.799792 0.021875 0.034208
0 0.789406 0.847031 0.022375 0.063938
0 0.882367 0.868323 0.014516 0.045479
0 0.297781 0.827906 0.013281 0.022146
0 0.862086 0.876833 0.025297 0.034167
0 0.989875 0.846667 0.020250 0.049167
0 0.021883 0.814167 0.007922 0.036833
0 0.176203 0.813396 0.015313 0.024125
0 0.468203 0.813104 0.019031 0.020583
0 0.446867 0.815260 0.006234 0.011729
0 0.455844 0.815500 0.010250 0.010375