0 0.286148 0.573923 0.283141 0.575621
0 0.542828 0.605984 0.226906 0.601616
0 0.859898 0.648958 0.277609 0.681569
0 0.063250 0.563770 0.117469 0.460515
6 0.603000 0.737354 0.056719 0.243841
6 0.032008 0.777190 0.050547 0.147541
6 0.720578 0.738384 0.057219 0.243653
6 0.699742 0.942775 0.061703 0.114450
4 0.399602 0.505433 0.113641 0.295082
4 0.631367 0.531253 0.113922 0.347939
4 0.793727 0.362143 0.050891 0.090000
4 0.808758 0.432916 0.021953 0.083255
4 0.113984 0.635504 0.067312 0.294614
4 0.968578 0.798290 0.019281 0.115597
4 0.979984 0.602506 0.040031 0.305621
4 0.796375 0.426452 0.026844 0.105082
4 0.623750 0.353595 0.099406 0.081803
4 0.980312 0.360094 0.039375 0.074005
4 0.162742 0.434333 0.130016 0.173349
4 0.054523 0.357541 0.086234 0.103372
4 0.240906 0.393150 0.077031 0.174450
4 0.539062 0.644028 0.806250 0.674473