0 0.863433 0.902180 0.143996 0.092984
2 0.781060 0.863367 0.047726 0.022516
2 0.933102 0.872070 0.073091 0.040734
0 0.920453 0.839008 0.029294 0.066953
0 0.964360 0.837828 0.015077 0.033437
0 0.606093 0.874039 0.052627 0.049766
0 0.481667 0.866469 0.074680 0.118562
0 0.188135 0.900906 0.087704 0.082094
0 0.213962 0.845797 0.024702 0.028969
0 0.070497 0.867789 0.113311 0.104672
1 0.283720 0.856953 0.110221 0.028719
1 0.339459 0.854758 0.023157 0.013797
0 0.775552 0.847891 0.036402 0.078875
0 0.272914 0.941062 0.131656 0.117875
0 0.010651 0.859633 0.016049 0.036141
0 0.983201 0.839023 0.019338 0.038859
2 0.107042 0.872133 0.053466 0.029109
0 0.310155 0.853906 0.448124 0.073438