2 0.708148 0.551333 0.196047 0.490958
2 0.239734 0.671167 0.226781 0.565875
2 0.502414 0.598573 0.169359 0.436563
2 0.381453 0.615771 0.159688 0.453750
2 0.061180 0.316740 0.112172 0.121813
0 0.542781 0.420802 0.145969 0.617437
0 0.758719 0.406604 0.130250 0.622125
0 0.097648 0.252750 0.056203 0.103458
0 0.164828 0.268896 0.036406 0.134125
4 0.445469 0.309812 0.031906 0.052583
0 0.018563 0.231010 0.036906 0.101646
0 0.034086 0.215969 0.030828 0.079937
0 0.257812 0.462250 0.171875 0.807292
0 0.313266 0.193573 0.026687 0.037937