2 0.296656 0.848406 0.052031 0.188104
0 0.285578 0.766885 0.102500 0.314729
0 0.088523 0.760833 0.079953 0.328667
0 0.279313 0.454708 0.040594 0.149750
0 0.238344 0.470521 0.031313 0.133625
0 0.254914 0.309365 0.037891 0.111813
0 0.264320 0.393354 0.022078 0.071250
0 0.263750 0.353833 0.033187 0.082958
0 0.799961 0.364021 0.029797 0.125208
0 0.290391 0.361854 0.028063 0.058208
0 0.529242 0.165927 0.028922 0.068729
0 0.295008 0.631385 0.037266 0.072271
1 0.586047 0.743156 0.322313 0.386479
1 0.717789 0.347458 0.101516 0.132542
1 0.791430 0.513510 0.102609 0.170104
1 0.937602 0.650448 0.124797 0.166521
1 0.882563 0.565552 0.125844 0.183271
0 0.319969 0.193677 0.014750 0.072188
1 0.535422 0.302552 0.096125 0.120646
1 0.942063 0.550583 0.115875 0.094125
1 0.493633 0.118250 0.043953 0.041667
1 0.528031 0.148573 0.060188 0.076688
1 0.705484 0.224208 0.058156 0.098583
1 0.453852 0.454115 0.035766 0.156229
1 0.965734 0.774073 0.057406 0.155562
0 0.227766 0.436490 0.035187 0.139729
1 0.523695 0.487531 0.135766 0.234771
0 0.377344 0.506250 0.754687 0.854167
1 0.390625 0.121875 0.231250 0.093750