1 0.980687 0.687762 0.035937 0.127343
0 0.422039 0.538531 0.204516 0.418182
0 0.584313 0.418698 0.056250 0.129213
0 0.646758 0.417771 0.165297 0.313584
0 0.854273 0.536713 0.088234 0.251224
0 0.872914 0.482456 0.023828 0.084353
0 0.374383 0.435376 0.057297 0.124073
0 0.906648 0.532719 0.058703 0.222850
0 0.060414 0.623409 0.033672 0.159860
0 0.094922 0.625122 0.044500 0.149336
2 0.092922 0.658208 0.053344 0.094913
1 0.307938 0.656399 0.042281 0.124510
0 0.523031 0.452483 0.059062 0.140315
0 0.750578 0.576189 0.111062 0.222413
2 0.025406 0.672168 0.021594 0.051294
0 0.198297 0.538383 0.174812 0.399458