6 0.017383 0.638607 0.025891 0.065504
0 0.820461 0.662986 0.359078 0.674028
0 0.299781 0.533782 0.226906 0.741007
0 0.664937 0.832201 0.296031 0.315316
0 0.404812 0.542693 0.383813 0.892131
0 0.621148 0.509649 0.082891 0.179719
0 0.677070 0.487681 0.075109 0.153536
0 0.055141 0.515258 0.110281 0.255152
0 0.977141 0.459543 0.045719 0.078431
0 0.899039 0.489403 0.094797 0.187143
6 0.684555 0.626230 0.041016 0.068290
6 0.193148 0.710328 0.037766 0.052646
4 0.133555 0.503536 0.065828 0.060796
0 0.175898 0.474028 0.067578 0.142857
0 0.570414 0.409438 0.035766 0.078501
0 0.137547 0.446124 0.065687 0.097728
0 0.610516 0.416089 0.033500 0.065948
4 0.620289 0.644508 0.057766 0.099133