3 0.628039 0.238302 0.022859 0.073479
0 0.756742 0.485396 0.417984 0.822458
0 0.466703 0.243531 0.182000 0.361104
0 0.146164 0.442229 0.231359 0.533208
0 0.337836 0.179646 0.096078 0.303375
6 0.289438 0.733583 0.070187 0.120042
6 0.204844 0.697406 0.068344 0.112021
6 0.387297 0.432896 0.041844 0.073292
6 0.350766 0.467177 0.046000 0.076521
4 0.967766 0.745615 0.064469 0.199229
4 0.771813 0.887240 0.436250 0.203562
4 0.337078 0.398875 0.101125 0.168542
4 0.939125 0.237771 0.101156 0.087125
4 0.299820 0.252083 0.068734 0.192083
4 0.123203 0.738031 0.246406 0.519729
4 0.516891 0.206187 0.024125 0.078958
4 0.557297 0.188781 0.070187 0.109063
4 0.956461 0.243313 0.085578 0.185667
4 0.663180 0.196250 0.060859 0.064333
4 0.627445 0.294604 0.152266 0.176458
4 0.938461 0.308240 0.051141 0.112229