3 0.588539 0.555698 0.032422 0.108688
3 0.515398 0.438417 0.027328 0.124750
4 0.366125 0.905073 0.313375 0.189854
4 0.758867 0.861365 0.342453 0.277271
4 0.101430 0.849052 0.201391 0.301896
4 0.944453 0.794292 0.111094 0.404500
0 0.376680 0.608635 0.279141 0.432729
0 0.728930 0.407865 0.116297 0.173021
0 0.859555 0.514604 0.266297 0.260667
0 0.550281 0.364042 0.139875 0.197750
0 0.392797 0.361000 0.160812 0.181500
0 0.151688 0.478656 0.131469 0.355063
0 0.772633 0.615031 0.296359 0.405104
6 0.629000 0.574573 0.036937 0.088313
6 0.486805 0.580313 0.035953 0.069417
6 0.425687 0.581667 0.036406 0.066375
0 0.111383 0.662198 0.222547 0.543521
4 0.136398 0.627281 0.056359 0.112437
4 0.624695 0.425208 0.030828 0.060958
6 0.637758 0.464875 0.026234 0.047917
6 0.704695 0.523323 0.029734 0.049813