0 0.515000 0.462230 0.199344 0.330610
0 0.455195 0.161326 0.170141 0.309413
0 0.097227 0.634836 0.182484 0.595493
0 0.205383 0.819812 0.239859 0.340094
3 0.237648 0.238897 0.026641 0.071080
3 0.259211 0.240915 0.021672 0.049437
3 0.227711 0.229977 0.020234 0.076761
3 0.237266 0.147312 0.017281 0.037441
3 0.302914 0.092676 0.022859 0.066808
3 0.335273 0.041549 0.026078 0.081080
4 0.080398 0.733791 0.146484 0.155798
0 0.722867 0.864589 0.349484 0.270822
0 0.049359 0.471913 0.098719 0.341573
3 0.347820 0.827570 0.024547 0.080587
6 0.715797 0.543451 0.036562 0.074366
6 0.764570 0.553509 0.035109 0.070728
6 0.587797 0.616702 0.035156 0.044624
6 0.695672 0.655270 0.030094 0.022606
6 0.957812 0.610387 0.031125 0.062324
6 0.761672 0.577617 0.039062 0.042559
6 0.691773 0.673322 0.035703 0.046737
6 0.706484 0.595892 0.032656 0.021174
6 0.760437 0.588333 0.035594 0.030235
0 0.051078 0.216279 0.102156 0.293028
0 0.050531 0.052394 0.101063 0.104789
6 0.066000 0.107981 0.016906 0.036150