2 0.427359 0.645097 0.618156 0.371248
1 0.016641 0.261388 0.033281 0.050756
0 0.509320 0.536995 0.241203 0.603128
0 0.041383 0.252047 0.008453 0.033761
0 0.167328 0.261705 0.020813 0.060035
0 0.286633 0.256388 0.013984 0.053937
0 0.409062 0.264385 0.005437 0.024728
0 0.863406 0.249710 0.007219 0.014394
0 0.299109 0.248735 0.010750 0.038207
0 0.329758 0.263603 0.012891 0.026819
0 0.394148 0.255545 0.017484 0.050562
0 0.366805 0.249710 0.011203 0.015413
0 0.323609 0.252900 0.010750 0.043058
0 0.379547 0.258392 0.015156 0.036608
0 0.823406 0.253954 0.009844 0.017258
0 0.349219 0.258348 0.026562 0.010545