3 0.725219 0.698510 0.115344 0.340187
3 0.851062 0.680115 0.100156 0.340229
4 0.756422 0.335427 0.195938 0.096354
4 0.647156 0.293521 0.087594 0.051000
4 0.336539 0.285271 0.074672 0.059458
4 0.432258 0.489240 0.470953 0.363437
0 0.443008 0.342240 0.388703 0.576063
4 0.854492 0.313625 0.043828 0.065167
6 0.186234 0.796625 0.190437 0.393250
6 0.170859 0.541948 0.124156 0.141187
4 0.051398 0.260667 0.035391 0.035958
2 0.819609 0.267792 0.044969 0.046958
2 0.880789 0.338781 0.045828 0.029021
3 0.593180 0.766240 0.072078 0.228562
3 0.774750 0.368135 0.024313 0.062563
6 0.045398 0.711292 0.060578 0.077667
3 0.011469 0.779750 0.020219 0.361500
4 0.165852 0.317458 0.155641 0.122792
4 0.287367 0.309177 0.118703 0.102438
4 0.086609 0.463573 0.173219 0.385646
4 0.887844 0.488500 0.221156 0.359542
4 0.888437 0.337104 0.045000 0.028375
4 0.904680 0.296698 0.016891 0.062812