1 0.938563 0.575257 0.110813 0.083318
1 0.805969 0.508902 0.018313 0.033271
1 0.291656 0.537582 0.079500 0.041986
1 0.475383 0.514042 0.028141 0.026636
0 0.287383 0.739404 0.048391 0.087313
0 0.304648 0.731343 0.040203 0.080631
0 0.211516 0.750070 0.031938 0.100654
0 0.341703 0.715853 0.035844 0.071565
0 0.363008 0.676308 0.020078 0.035047
0 0.375070 0.694673 0.025234 0.068364
0 0.390359 0.665783 0.017188 0.051846
0 0.403859 0.676729 0.029125 0.066963
0 0.924055 0.512383 0.019578 0.054065
0 0.325766 0.703178 0.023250 0.064860
2 0.203938 0.553458 0.029906 0.031262
1 0.980523 0.598271 0.038953 0.096168
1 0.530664 0.502114 0.020953 0.021145
1 0.552430 0.495689 0.015578 0.015444
1 0.576883 0.490280 0.015953 0.017383
0 0.576781 0.571390 0.008250 0.017967
0 0.573430 0.577640 0.011734 0.018411
2 0.114508 0.559428 0.014297 0.038341
2 0.883250 0.561040 0.038375 0.056565
2 0.147281 0.553014 0.020281 0.041121
2 0.919305 0.524720 0.018203 0.026636
1 0.856047 0.539825 0.044844 0.050584
1 0.840453 0.521671 0.045062 0.051752
1 0.588602 0.490806 0.010016 0.014322
1 0.495227 0.505245 0.031172 0.028154
0 0.609109 0.555023 0.009750 0.021355
0 0.616406 0.567757 0.604688 0.271028