3 0.514328 0.450117 0.027500 0.134473
3 0.534992 0.450035 0.021234 0.121241
3 0.628727 0.188232 0.020422 0.075293
3 0.559750 0.445070 0.035937 0.137916
3 0.038148 0.418068 0.021828 0.111124
3 0.065609 0.424473 0.039406 0.104824
3 0.093711 0.439087 0.024297 0.104824
3 0.062750 0.474520 0.044281 0.080562
3 0.532719 0.190855 0.018438 0.067096
3 0.701461 0.193384 0.021984 0.082365
3 0.605016 0.417096 0.018781 0.038126
3 0.578242 0.466838 0.024922 0.105527
3 0.746477 0.195094 0.021891 0.084333
3 0.639062 0.310304 0.287500 0.498829