2 0.680648 0.560208 0.232266 0.544083
2 0.567742 0.565583 0.283859 0.516125
2 0.644117 0.472354 0.095297 0.195292
0 0.415758 0.120510 0.030453 0.050354
0 0.551711 0.123667 0.037672 0.062792
0 0.651320 0.130740 0.041297 0.072313
0 0.774828 0.112177 0.032000 0.075312
0 0.484578 0.231687 0.063406 0.116292
0 0.111523 0.104896 0.011797 0.036667
0 0.101547 0.107594 0.009656 0.033021
0 0.424836 0.220854 0.046422 0.105125
1 0.025898 0.152063 0.051797 0.084958
1 0.057031 0.115729 0.063531 0.034417
1 0.026961 0.107594 0.050141 0.039729
2 0.367711 0.531854 0.287516 0.419625
0 0.074359 0.438594 0.148719 0.498688