3 0.394693 0.176328 0.156708 0.298031
3 0.344888 0.298016 0.106299 0.181875
6 0.630133 0.343727 0.148160 0.097547
6 0.516196 0.706445 0.153170 0.119828
6 0.627014 0.447336 0.193170 0.157484
6 0.493671 0.437078 0.117403 0.123906
6 0.590706 0.798023 0.158753 0.143797
3 0.083292 0.488312 0.091779 0.187000
6 0.381207 0.685898 0.136074 0.139391
6 0.290133 0.604648 0.117157 0.071609
6 0.488538 0.819937 0.082761 0.111062
6 0.567975 0.245555 0.059346 0.044109
6 0.662147 0.261703 0.051575 0.030344
6 0.644151 0.548055 0.102086 0.054266