2 0.179018 0.257016 0.122863 0.087688
0 0.563569 0.212875 0.042679 0.036906
0 0.973119 0.215156 0.039284 0.034313
0 0.412331 0.222078 0.034519 0.036406
0 0.652924 0.341578 0.611738 0.629219
0 0.185992 0.241633 0.073006 0.113672
0 0.150010 0.225945 0.049264 0.132547
0 0.429683 0.218281 0.026319 0.046437
2 0.246840 0.247883 0.016912 0.025359
2 0.276892 0.233781 0.029571 0.038625
4 0.315859 0.247539 0.029877 0.040422
4 0.345982 0.249172 0.034458 0.040031
4 0.103793 0.243922 0.042924 0.038937
0 0.626953 0.231445 0.020777 0.067766
0 0.991472 0.203008 0.010920 0.025016
0 0.668231 0.288477 0.059162 0.092547
0 0.510031 0.239539 0.032413 0.058922
2 0.309376 0.231797 0.037198 0.043062
2 0.417454 0.238914 0.060675 0.041016
4 0.183436 0.236180 0.017546 0.024641
4 0.513037 0.251148 0.042515 0.039703
4 0.565194 0.251195 0.039264 0.040922
4 0.605204 0.249906 0.033722 0.036344
4 0.366585 0.250367 0.023926 0.036078
4 0.453988 0.234586 0.028221 0.030922
4 0.209530 0.249594 0.046585 0.049969
0 0.544479 0.210266 0.027771 0.036125