2 0.859008 0.813807 0.058203 0.092166
1 0.511008 0.767243 0.101828 0.095449
0 0.294773 0.806761 0.070141 0.209278
0 0.037711 0.782429 0.075422 0.192079
0 0.158352 0.798556 0.087922 0.233042
0 0.222594 0.786816 0.078750 0.200066
0 0.390336 0.793611 0.057953 0.195405
0 0.448586 0.806193 0.082578 0.207571
0 0.570281 0.827396 0.062687 0.178906
0 0.634516 0.807418 0.055781 0.177812
0 0.725641 0.817943 0.043812 0.167790
0 0.751992 0.837462 0.060234 0.169103
1 0.081484 0.676597 0.044688 0.041204
1 0.156555 0.734792 0.092516 0.117374
1 0.011922 0.705514 0.023844 0.083457
1 0.109195 0.684989 0.030891 0.039650
1 0.383148 0.737637 0.097078 0.069716
0 0.948859 0.840777 0.050656 0.166455
1 0.262445 0.716893 0.040422 0.051291
0 0.331094 0.783939 0.034781 0.169278
0 0.613375 0.802670 0.049375 0.160175
1 0.943211 0.743381 0.067641 0.024617