2 0.436781 0.517071 0.114531 0.187029
1 0.233383 0.401402 0.202859 0.146485
1 0.697727 0.387458 0.225078 0.162238
1 0.800805 0.380272 0.100547 0.093431
1 0.512492 0.369006 0.149734 0.081736
0 0.638617 0.600272 0.294703 0.799456
0 0.337844 0.381789 0.051844 0.178389
0 0.876180 0.405921 0.061359 0.183891
0 0.454273 0.356213 0.031797 0.074937
0 0.049758 0.397699 0.041203 0.171715
0 0.481695 0.428086 0.110766 0.240439
0 0.911734 0.384697 0.033625 0.160983
1 0.956734 0.362448 0.069969 0.098954
0 0.966172 0.366548 0.034937 0.110795
0 0.700383 0.306925 0.048203 0.070209
0 0.993984 0.360858 0.012031 0.078996
0 0.013211 0.406841 0.026422 0.216987
0 0.147328 0.345533 0.028719 0.100230
1 0.177297 0.353013 0.047594 0.050502
1 0.377141 0.363431 0.032937 0.061046
0 0.426563 0.367155 0.681250 0.156904