2 0.787062 0.142769 0.024688 0.074509
2 0.785477 0.607173 0.429047 0.578505
0 0.212648 0.694381 0.223922 0.462921
0 0.153961 0.362932 0.162766 0.700911
0 0.054781 0.355724 0.109563 0.711449
0 0.275305 0.268820 0.110234 0.479556
0 0.352164 0.253446 0.062203 0.415911
0 0.893742 0.105935 0.042609 0.168598
0 0.409109 0.106963 0.056719 0.132290
0 0.810008 0.188762 0.060109 0.098879
0 0.621789 0.331951 0.127828 0.663902
0 0.957820 0.255561 0.084359 0.504486
0 0.445281 0.291390 0.122000 0.564182
0 0.408320 0.682161 0.113797 0.468201
0 0.564227 0.073657 0.070672 0.117874
1 0.684453 0.071110 0.048594 0.058715
3 0.190258 0.519521 0.043141 0.100911
3 0.231945 0.226530 0.016828 0.073154
3 0.465945 0.677547 0.017578 0.081495
0 0.510938 0.296729 0.896875 0.570093