0 0.180570 0.505386 0.136266 0.246557
0 0.349211 0.522354 0.129547 0.246956
0 0.509008 0.547635 0.166422 0.305621
6 0.507891 0.666698 0.026500 0.054473
6 0.361039 0.638794 0.024359 0.064614
0 0.756453 0.572330 0.158156 0.259368
0 0.659398 0.274157 0.053672 0.091499
4 0.420102 0.562810 0.022391 0.078080
4 0.255391 0.553571 0.040125 0.097026
4 0.589328 0.620176 0.026781 0.126956
4 0.682266 0.629461 0.048188 0.144450
0 0.690117 0.276838 0.046641 0.115644
0 0.841297 0.255726 0.096875 0.144567
0 0.874641 0.244508 0.032031 0.076136
6 0.596727 0.682166 0.019641 0.037588
6 0.509039 0.693091 0.029422 0.007916
6 0.397094 0.656838 0.017969 0.036019
6 0.507844 0.699344 0.027437 0.005386
6 0.375844 0.630621 0.022531 0.077916
6 0.036117 0.574438 0.021891 0.062646
6 0.508531 0.703501 0.027719 0.005410
6 0.205320 0.597892 0.034109 0.070913
6 0.507742 0.708021 0.026641 0.002881
6 0.096578 0.624778 0.028750 0.090070
6 0.285938 0.654567 0.468750 0.175644