1 0.162797 0.621031 0.080781 0.086438
0 0.536758 0.243531 0.054828 0.063854
0 0.401703 0.288875 0.025219 0.043333
0 0.366695 0.304406 0.032172 0.038646
0 0.433883 0.276042 0.038391 0.058333
0 0.437359 0.550437 0.044156 0.052667
2 0.018031 0.622531 0.020563 0.054062
0 0.249039 0.341542 0.014391 0.032125
0 0.469773 0.265333 0.024953 0.056500
0 0.315367 0.323875 0.019203 0.029542
0 0.272289 0.334812 0.024266 0.040417
0 0.184070 0.566062 0.017922 0.027958
1 0.014469 0.593802 0.028500 0.039813
0 0.177109 0.563302 0.007375 0.022729
0 0.201336 0.584427 0.012047 0.059354