2 0.107641 0.704667 0.038500 0.083167
1 0.141437 0.626969 0.067281 0.053979
0 0.032937 0.737583 0.065875 0.244500
0 0.951406 0.708990 0.092688 0.249438
0 0.814320 0.687885 0.075953 0.193771
0 0.729305 0.666396 0.040953 0.131458
0 0.845313 0.673333 0.051406 0.174125
0 0.105719 0.671615 0.033937 0.123021
0 0.131641 0.634073 0.010844 0.058771
0 0.143336 0.629198 0.007859 0.055896
0 0.152820 0.631646 0.016859 0.061250
0 0.536867 0.614469 0.067453 0.066687
0 0.272594 0.628365 0.022437 0.048688
0 0.467703 0.626125 0.028687 0.079417