2 0.284672 0.823656 0.537094 0.352687
0 0.269664 0.627719 0.316859 0.725854
0 0.055695 0.507917 0.104328 0.296750
0 0.104297 0.456781 0.090563 0.239187
0 0.426141 0.451740 0.135719 0.264562
0 0.514195 0.440604 0.064828 0.226708
0 0.810258 0.383010 0.052359 0.107521
0 0.661094 0.356344 0.021406 0.061729
0 0.073016 0.390240 0.038187 0.095979
0 0.849797 0.377083 0.039156 0.098125
0 0.894922 0.674479 0.205469 0.646875
2 0.783531 0.823521 0.314125 0.324708
2 0.902891 0.638062 0.085250 0.203500
2 0.910109 0.737396 0.064000 0.148333
2 0.652062 0.491760 0.040594 0.028229
2 0.072070 0.607750 0.133672 0.177625
2 0.796719 0.674750 0.034375 0.082500
2 0.414687 0.526948 0.121250 0.125604
0 0.693430 0.387458 0.037578 0.102250