3 0.437969 0.676859 0.024271 0.040281
4 0.292167 0.625711 0.129000 0.127797
4 0.177240 0.629539 0.126562 0.125516
0 0.061031 0.527813 0.094646 0.281125
0 0.282177 0.478000 0.048729 0.078281
0 0.584604 0.493883 0.082292 0.126234
0 0.750729 0.429547 0.037083 0.029781
0 0.868313 0.497398 0.092917 0.132297
0 0.207948 0.496336 0.068896 0.112891
0 0.310219 0.491078 0.104229 0.121500
0 0.409031 0.476898 0.084521 0.127703
0 0.954854 0.507266 0.087750 0.081312
0 0.808750 0.450367 0.034667 0.035016
0 0.515875 0.490469 0.079625 0.130062
0 0.916917 0.473555 0.067125 0.077922
0 0.756719 0.636367 0.252812 0.519484
0 0.537500 0.503125 0.920833 0.262500