3 0.957414 0.710667 0.073641 0.341756
4 0.054734 0.428197 0.058594 0.122763
4 0.181305 0.361124 0.039609 0.060656
4 0.235609 0.337564 0.034687 0.075831
4 0.266695 0.338185 0.026547 0.089672
4 0.104750 0.416780 0.065375 0.146393
0 0.418117 0.520445 0.222891 0.452927
0 0.280875 0.681077 0.303125 0.637845
0 0.549234 0.426803 0.193844 0.362600
0 0.571125 0.190117 0.040250 0.065433
0 0.441344 0.217436 0.046062 0.114871
0 0.427813 0.292237 0.111594 0.247330
6 0.602023 0.938911 0.054609 0.114590
0 0.485523 0.247400 0.052859 0.178033
0 0.519922 0.269204 0.083469 0.169227
0 0.159313 0.332564 0.055937 0.144567
6 0.521453 0.697084 0.030125 0.083255
6 0.636094 0.589555 0.028500 0.063466
6 0.812727 0.571101 0.028859 0.067119
6 0.489813 0.530527 0.044438 0.063817
6 0.783328 0.932108 0.059531 0.135785
0 0.069375 0.319133 0.046344 0.091944
4 0.017969 0.455281 0.035937 0.183255
4 0.702844 0.462295 0.176500 0.163326
4 0.441469 0.463466 0.035563 0.075878
4 0.832000 0.505070 0.153344 0.132670
0 0.329000 0.355199 0.075406 0.335410
6 0.562711 0.633349 0.031453 0.076674
0 0.133102 0.746862 0.266203 0.506276
0 0.294406 0.280386 0.049031 0.257775
0 0.317188 0.268150 0.593750 0.166276