0 0.360086 0.510646 0.064922 0.281385
0 0.292797 0.501420 0.063156 0.207582
0 0.456836 0.526432 0.055266 0.281690
0 0.521016 0.617254 0.107625 0.480563
0 0.623992 0.605692 0.104453 0.493638
0 0.687625 0.443333 0.012438 0.061925
0 0.586430 0.422160 0.013859 0.025915
0 0.667414 0.442864 0.019672 0.079014
0 0.675125 0.437195 0.014375 0.084531
1 0.982734 0.450411 0.034531 0.123638
1 0.774039 0.444413 0.012359 0.031549
1 0.758766 0.450458 0.018500 0.019648
0 0.655984 0.427453 0.008969 0.044671
0 0.167523 0.662923 0.326078 0.651667
1 0.741984 0.454308 0.013344 0.013357
1 0.725688 0.450552 0.020531 0.026221
0 0.554875 0.439308 0.035000 0.079883