0 0.677359 0.798427 0.097969 0.398646
0 0.748578 0.803219 0.076563 0.393562
0 0.814734 0.651125 0.068250 0.166083
0 0.357297 0.544177 0.024594 0.040396
4 0.467508 0.536635 0.031828 0.047604
4 0.490906 0.539646 0.025531 0.043583
4 0.406836 0.542667 0.028266 0.038667
4 0.552039 0.536906 0.025047 0.043771
4 0.346453 0.545771 0.025406 0.038292
4 0.303438 0.548469 0.033875 0.039021
4 0.223328 0.553563 0.034250 0.034792
4 0.150680 0.555698 0.030547 0.039521
4 0.122812 0.556854 0.027000 0.039875
0 0.488281 0.796885 0.132812 0.382812