2 0.361047 0.718820 0.481012 0.225828
2 0.794271 0.523859 0.056353 0.023062
0 0.358271 0.631609 0.211741 0.278688
0 0.797012 0.510883 0.014165 0.019328
2 0.874071 0.525297 0.062729 0.023813
1 0.135212 0.521906 0.064353 0.026250
1 0.217824 0.516672 0.041482 0.021969
0 0.869435 0.514656 0.022682 0.030625
1 0.247341 0.516570 0.020800 0.015609
1 0.286635 0.512773 0.020376 0.016234
1 0.594259 0.518234 0.051859 0.023813
1 0.570859 0.516586 0.037435 0.026328
1 0.501094 0.512117 0.012259 0.012109
1 0.550047 0.512852 0.025412 0.020578