2 0.417344 0.565152 0.037500 0.160562
1 0.089672 0.451616 0.179344 0.296768
1 0.186984 0.366885 0.103344 0.130398
1 0.648844 0.410211 0.029656 0.135878
1 0.589328 0.379719 0.113281 0.137283
1 0.564828 0.476874 0.121781 0.272623
1 0.085969 0.298782 0.171938 0.104965
0 0.355922 0.523443 0.144781 0.822717
0 0.233141 0.489625 0.208406 0.894379
0 0.697922 0.512799 0.184406 0.779789
0 0.802820 0.554180 0.189328 0.773653
0 0.965867 0.458712 0.068266 0.368759
0 0.456797 0.364087 0.054031 0.216276
1 0.292547 0.323290 0.032375 0.098197