3 0.629260 0.541242 0.054562 0.086953
3 0.654292 0.486633 0.084333 0.179359
4 0.417260 0.322711 0.082771 0.075234
0 0.070875 0.267781 0.079583 0.085437
0 0.227552 0.258008 0.043479 0.050672
0 0.307063 0.283695 0.047125 0.087703
0 0.380427 0.294664 0.101688 0.132953
0 0.123490 0.242711 0.015729 0.038547
6 0.816104 0.828086 0.367792 0.307859
6 0.346396 0.682023 0.186917 0.181359
6 0.766281 0.532508 0.106646 0.121234
6 0.558875 0.536727 0.100667 0.100672
4 0.298271 0.321250 0.049208 0.066281
4 0.258146 0.317773 0.047458 0.072078
4 0.444500 0.282023 0.032208 0.011547
0 0.462927 0.296977 0.064854 0.124891
6 0.929865 0.494805 0.135063 0.106484
4 0.124146 0.322047 0.067417 0.053469
4 0.196854 0.291492 0.024583 0.021359
4 0.142354 0.294359 0.026000 0.017563
4 0.071969 0.324883 0.059438 0.054984
4 0.350083 0.320430 0.056917 0.072891
4 0.222552 0.293063 0.027312 0.021500
4 0.240927 0.309414 0.060896 0.010859
4 0.226542 0.334156 0.052667 0.037969