3 0.340773 0.853759 0.073172 0.215059
3 0.175859 0.931124 0.049812 0.137752
1 0.128469 0.150527 0.254688 0.301054
1 0.332242 0.107412 0.136359 0.160960
0 0.279859 0.679180 0.389562 0.583888
0 0.661195 0.495504 0.629703 0.986511
6 0.377977 0.941159 0.077766 0.117681
6 0.534812 0.931393 0.072313 0.137213
1 0.462242 0.105644 0.191484 0.156956
1 0.900297 0.322635 0.199406 0.433700
1 0.760891 0.075843 0.454281 0.150562
3 0.078031 0.856417 0.059437 0.287166
6 0.549016 0.800539 0.098156 0.185855
6 0.245031 0.990878 0.085187 0.018244
0 0.895031 0.932131 0.209938 0.135738
0 0.032523 0.635164 0.065047 0.129157
1 0.466078 0.053220 0.162594 0.057447