1 0.849922 0.415063 0.046156 0.042625
2 0.312883 0.632094 0.198703 0.251688
2 0.724203 0.495656 0.028000 0.104438
2 0.634188 0.502508 0.026625 0.062391
0 0.330984 0.539195 0.153594 0.388578
0 0.565695 0.522492 0.128141 0.297203
0 0.729250 0.453391 0.064719 0.177000
0 0.622828 0.392078 0.035187 0.073750
0 0.616539 0.433844 0.053641 0.112406
0 0.591297 0.411406 0.053938 0.101969
0 0.493672 0.477852 0.078250 0.275297
2 0.694297 0.481047 0.023875 0.099375
2 0.637953 0.438477 0.015250 0.020578
0 0.684570 0.408133 0.049141 0.075266
0 0.765188 0.392773 0.002687 0.006984
2 0.562094 0.596242 0.172313 0.203359
0 0.567148 0.387266 0.036391 0.031313