3 0.349477 0.551052 0.027797 0.093854
3 0.378953 0.563781 0.028937 0.085354
4 0.897875 0.664448 0.081625 0.157479
4 0.711062 0.612104 0.093156 0.158833
6 0.457000 0.579333 0.024281 0.043292
3 0.386695 0.545750 0.014391 0.086375
3 0.364234 0.531583 0.012719 0.050458
3 0.185914 0.488031 0.017859 0.049271
3 0.362102 0.578021 0.017766 0.058958
6 0.211781 0.309219 0.016625 0.021688
6 0.193422 0.357260 0.012500 0.029604
6 0.220477 0.357448 0.015109 0.029062
6 0.195906 0.310312 0.013000 0.024125
6 0.204273 0.357854 0.013891 0.029292
3 0.203469 0.488948 0.019375 0.045646
4 0.551258 0.636073 0.098766 0.182271
4 0.286531 0.879844 0.148031 0.205646
4 0.802531 0.713146 0.148031 0.230250
6 0.226906 0.356844 0.004781 0.026604