0 0.217836 0.688384 0.139047 0.256108
6 0.061586 0.970637 0.054203 0.058726
3 0.454070 0.335731 0.014609 0.036745
3 0.441867 0.336993 0.010109 0.029646
6 0.681180 0.455790 0.011234 0.027665
6 0.665078 0.458868 0.020531 0.024528
6 0.643883 0.460861 0.018203 0.017712
6 0.632602 0.449458 0.010109 0.036321
6 0.581867 0.454340 0.015516 0.029575
6 0.562453 0.440307 0.016375 0.039387
4 0.754633 0.823255 0.182859 0.346840
0 0.093789 0.679776 0.184609 0.253939
6 0.544227 0.444906 0.013984 0.043868
4 0.321516 0.921014 0.095875 0.157972
4 0.286617 0.751946 0.023109 0.138325
3 0.105414 0.475790 0.008891 0.027571