4 0.134586 0.405084 0.145328 0.299896
4 0.858687 0.208653 0.060156 0.027745
0 0.297687 0.683152 0.393562 0.525846
0 0.255945 0.589102 0.479328 0.759541
0 0.704852 0.626399 0.590297 0.747203
0 0.065859 0.222839 0.034344 0.166263
0 0.033703 0.206973 0.061719 0.199624
4 0.014297 0.410115 0.028594 0.105157
4 0.973484 0.261858 0.053031 0.032902
0 0.742125 0.022317 0.022406 0.037871
0 0.729969 0.076336 0.032031 0.098559
0 0.107133 0.142390 0.060547 0.221858
4 0.568023 0.659322 0.133609 0.088288
4 0.978492 0.358069 0.043016 0.135428
4 0.016938 0.457557 0.033875 0.037787
0 0.807172 0.111441 0.081531 0.220501
0 0.049453 0.087985 0.098906 0.110835
0 0.755773 0.057474 0.023391 0.043006
0 0.903008 0.040491 0.048016 0.042526
0 0.702039 0.079635 0.043234 0.088539
0 0.582031 0.049061 0.232813 0.077244