6 0.979781 0.644381 0.040437 0.304823
0 0.911094 0.259129 0.177094 0.518258
3 0.862617 0.521174 0.115016 0.755278
3 0.790094 0.384318 0.116562 0.768636
3 0.705164 0.400631 0.111141 0.619798
3 0.609312 0.411856 0.100219 0.593914
3 0.509555 0.403523 0.090266 0.590581
3 0.247211 0.404205 0.093016 0.594015
3 0.336742 0.371035 0.096797 0.541566
3 0.167367 0.431136 0.114484 0.651061
3 0.096844 0.458220 0.112250 0.677096
3 0.049992 0.474457 0.099984 0.845429
3 0.421844 0.379558 0.087125 0.557096
4 0.566305 0.245530 0.073453 0.251768
4 0.307625 0.137222 0.122000 0.114141
4 0.794805 0.308220 0.117828 0.167146
4 0.601469 0.113422 0.040344 0.020581
0 0.782039 0.115455 0.148453 0.223737