4 0.097580 0.722813 0.146760 0.262373
4 0.251120 0.690653 0.124360 0.228880
4 0.709370 0.532627 0.043780 0.018800
4 0.726300 0.626453 0.095280 0.112107
4 0.371090 0.665560 0.129820 0.217093
4 0.804690 0.598533 0.080420 0.168747
0 0.449820 0.636013 0.166040 0.601360
0 0.595290 0.636773 0.198420 0.654720
4 0.863280 0.573333 0.052120 0.127627
5 0.911800 0.886520 0.171920 0.204507
0 0.932300 0.684280 0.135400 0.591013
4 0.914010 0.570120 0.040740 0.144187
4 0.227560 0.732373 0.006200 0.067093
4 0.674000 0.598587 0.039680 0.052533
4 0.832370 0.519640 0.033220 0.009893
4 0.952580 0.570413 0.050200 0.085573