3 0.325250 0.618706 0.025406 0.121420
3 0.417891 0.645992 0.023281 0.124468
3 0.403922 0.662098 0.021313 0.095971
3 0.365633 0.565355 0.022203 0.089875
4 0.770852 0.770177 0.282547 0.451670
4 0.612602 0.449979 0.066109 0.100752
0 0.674430 0.703518 0.380109 0.557307
0 0.616461 0.504436 0.208016 0.370000
0 0.190898 0.530668 0.185422 0.297453
0 0.166508 0.368695 0.181641 0.453925
0 0.080727 0.607860 0.161453 0.604489
6 0.396227 0.686263 0.040047 0.088559
6 0.460555 0.768267 0.060609 0.066931
6 0.268133 0.700031 0.053703 0.051670
6 0.264852 0.656221 0.042953 0.037370
6 0.491984 0.670324 0.043188 0.048914
6 0.454820 0.568925 0.037766 0.040731
4 0.813320 0.523236 0.016422 0.083257
4 0.096984 0.590689 0.037031 0.178580
4 0.489406 0.419676 0.031906 0.045365
0 0.471461 0.468340 0.150422 0.228914
3 0.384617 0.569311 0.021234 0.084342
3 0.423852 0.626639 0.020359 0.130814
3 0.308539 0.575814 0.017359 0.092255
6 0.472375 0.606106 0.026219 0.039478
6 0.340992 0.673048 0.034922 0.068643
6 0.944508 0.454791 0.029891 0.039937