3 0.236208 0.576267 0.048150 0.238578
3 0.703008 0.580000 0.068017 0.243867
3 0.690225 0.478044 0.048817 0.170889
3 0.520017 0.479244 0.048633 0.147111
3 0.349842 0.558756 0.049250 0.158133
4 0.149458 0.721956 0.290417 0.555200
4 0.896617 0.789289 0.199800 0.386267
0 0.164700 0.446189 0.153867 0.400733
0 0.525167 0.304300 0.235867 0.386867
0 0.753358 0.676844 0.302017 0.646311
6 0.621658 0.642578 0.057583 0.122578
6 0.598042 0.515411 0.036017 0.078689
6 0.567858 0.521022 0.040283 0.082044
3 0.425958 0.481789 0.053450 0.151133