1 0.597750 0.713484 0.164792 0.083156
1 0.711208 0.693859 0.030958 0.049750
1 0.121802 0.653937 0.105271 0.027156
1 0.658375 0.680906 0.085792 0.038750
1 0.046812 0.693664 0.093625 0.097297
1 0.281635 0.661766 0.046188 0.057750
1 0.034375 0.775039 0.068750 0.121078
1 0.539875 0.661938 0.021500 0.016125
1 0.716698 0.665023 0.028729 0.015047
1 0.061063 0.650242 0.087250 0.033641
1 0.434563 0.662727 0.042625 0.025141
1 0.502687 0.654883 0.050542 0.017766
1 0.693979 0.704922 0.042167 0.053531
1 0.662500 0.657031 0.150000 0.020313