0 0.265945 0.671559 0.032922 0.084916
0 0.610359 0.665669 0.020469 0.074226
0 0.135164 0.646444 0.017484 0.053682
0 0.471141 0.635356 0.012313 0.011297
0 0.075156 0.713285 0.042469 0.043222
2 0.045547 0.874749 0.090906 0.250502
0 0.035063 0.668975 0.010812 0.043849
0 0.198805 0.641736 0.009391 0.029331
2 0.577016 0.684718 0.037875 0.051276
1 0.528687 0.854372 0.782125 0.262929
1 0.925977 0.722866 0.146109 0.300293
1 0.170078 0.757364 0.236313 0.168954
1 0.479172 0.675816 0.099500 0.070209
1 0.380141 0.659780 0.053438 0.057552
1 0.344406 0.657071 0.047281 0.049038
0 0.021828 0.664738 0.020438 0.073494
0 0.430961 0.627720 0.006359 0.008033
0 0.204016 0.642730 0.003938 0.020690
1 0.287641 0.656098 0.035469 0.052824
1 0.216617 0.640554 0.027703 0.032824
1 0.163102 0.643326 0.042641 0.033640
1 0.320906 0.658441 0.029656 0.035837
1 0.314305 0.636245 0.025422 0.015586
1 0.258531 0.663797 0.083406 0.054163