3 0.608602 0.644188 0.020672 0.042375
4 0.800906 0.605333 0.071438 0.105833
0 0.663531 0.632844 0.132438 0.419646
0 0.458719 0.537229 0.047063 0.165708
0 0.486812 0.517667 0.039781 0.149000
0 0.410602 0.544177 0.045266 0.197687
0 0.354742 0.549000 0.034953 0.176458
0 0.318820 0.491948 0.038234 0.098937
0 0.180133 0.498719 0.025641 0.085687
0 0.734391 0.617083 0.074375 0.402625
0 0.590469 0.545000 0.038562 0.194375
0 0.151688 0.490333 0.043812 0.101125
0 0.241312 0.488052 0.020438 0.055354
6 0.170836 0.552406 0.012641 0.019271
0 0.285977 0.507990 0.031734 0.098104
2 0.280219 0.603094 0.029250 0.060979
0 0.396453 0.474604 0.009156 0.021625
6 0.297461 0.495573 0.006297 0.005312
0 0.408594 0.539583 0.757812 0.191667