3 0.909070 0.452490 0.007953 0.037479
3 0.092742 0.557865 0.024141 0.081896
0 0.245594 0.644042 0.174125 0.671250
0 0.307586 0.605615 0.116297 0.608979
0 0.380055 0.580896 0.116297 0.604500
0 0.486117 0.594750 0.107141 0.550250
0 0.560070 0.611979 0.115609 0.538875
0 0.671258 0.592313 0.130516 0.572667
0 0.768539 0.600000 0.131453 0.656167
0 0.710156 0.439563 0.033750 0.158458
4 0.436078 0.588823 0.028250 0.173563
0 0.896078 0.403833 0.130594 0.157583
3 0.890742 0.450792 0.006422 0.039833
3 0.446227 0.640437 0.014578 0.067042
3 0.432617 0.642312 0.008391 0.059667
3 0.328758 0.642115 0.010828 0.064521
3 0.886453 0.451781 0.004875 0.034396
3 0.572742 0.303167 0.010328 0.040917
3 0.524023 0.298823 0.009328 0.044771
3 0.898594 0.454458 0.008031 0.038167
3 0.440883 0.398906 0.020734 0.058271