3 0.425023 0.810354 0.028391 0.125667
0 0.530937 0.784792 0.316125 0.430417
0 0.333867 0.653854 0.344109 0.310708
0 0.433281 0.636177 0.163375 0.252604
0 0.644016 0.640573 0.089438 0.219688
0 0.752117 0.645687 0.128266 0.233125
0 0.073313 0.752812 0.143250 0.467417
0 0.650133 0.542792 0.039578 0.079875
0 0.471219 0.558885 0.050813 0.101646
0 0.937906 0.755167 0.124188 0.488542
0 0.809828 0.768167 0.227531 0.426958
0 0.797164 0.534687 0.050766 0.073750
0 0.381742 0.567417 0.045516 0.096625
6 0.458836 0.813719 0.028547 0.087771
6 0.341500 0.829562 0.042594 0.081958
6 0.263945 0.818375 0.057609 0.068458
6 0.415305 0.695615 0.034703 0.063604
6 0.378273 0.794781 0.037141 0.074021
4 0.855406 0.872375 0.198875 0.255250
4 0.418117 0.763365 0.615641 0.446521
4 0.292422 0.573375 0.020563 0.044667
4 0.217383 0.563260 0.051703 0.048979
4 0.670719 0.626719 0.058531 0.120146
4 0.685898 0.583979 0.037359 0.096208
4 0.714883 0.571365 0.019703 0.072313
4 0.234758 0.655885 0.059047 0.210646
4 0.520813 0.675615 0.018906 0.160604
4 0.781406 0.602760 0.042531 0.029687
0 0.524367 0.615031 0.074109 0.222771
4 0.331250 0.575000 0.343750 0.183333