0 0.591013 0.583709 0.260686 0.586503
0 0.809199 0.612394 0.094412 0.184690
0 0.906340 0.655670 0.125065 0.252614
0 0.559567 0.384845 0.024722 0.060114
0 0.101315 0.274665 0.024395 0.049886
0 0.221691 0.295850 0.022631 0.035098
0 0.538987 0.393570 0.027745 0.040016
0 0.269028 0.304208 0.008873 0.015147
0 0.173897 0.290686 0.029101 0.062745
1 0.550180 0.445327 0.067876 0.060327
1 0.316283 0.324011 0.045408 0.026879
1 0.382108 0.338047 0.034902 0.024265
0 0.121258 0.277770 0.026340 0.053284
0 0.885147 0.621757 0.141863 0.245016
1 0.355564 0.330531 0.036683 0.023382