3 0.513539 0.481376 0.008141 0.037106
0 0.453648 0.683906 0.122359 0.582024
0 0.250531 0.675824 0.257437 0.601953
4 0.881656 0.588953 0.035344 0.060024
4 0.855312 0.552000 0.034281 0.083247
4 0.968406 0.545047 0.009594 0.018612
4 0.901320 0.591576 0.020078 0.063435
4 0.950438 0.560918 0.012719 0.014118
6 0.079703 0.776753 0.028719 0.059906
6 0.882672 0.836659 0.036031 0.031624
6 0.867453 0.879776 0.021344 0.053435
6 0.924242 0.854459 0.010078 0.033529
6 0.933336 0.848682 0.005672 0.026259
6 0.879031 0.815565 0.016156 0.026753
6 0.914109 0.935129 0.026281 0.054024
6 0.913125 0.899565 0.041188 0.057576
6 0.888813 0.874000 0.013625 0.051435
6 0.916992 0.856765 0.010328 0.036965
6 0.944281 0.842788 0.009687 0.027976
4 0.953898 0.618235 0.036922 0.099906
4 0.875812 0.564929 0.022312 0.046047
6 0.956008 0.868294 0.005391 0.029529
6 0.903977 0.862506 0.008672 0.035553
4 0.899789 0.553082 0.025516 0.048047
4 0.957680 0.545059 0.012703 0.023341
6 0.853125 0.752941 0.212500 0.395294