0 0.406008 0.713741 0.062734 0.166503
0 0.921680 0.931305 0.037734 0.117110
0 0.105500 0.314231 0.025344 0.059510
0 0.131695 0.664709 0.042578 0.148252
0 0.169445 0.342471 0.022297 0.035198
0 0.146773 0.347692 0.018641 0.038788
0 0.774664 0.094965 0.015953 0.046154
0 0.459617 0.344114 0.029797 0.081282
0 0.063578 0.373718 0.019219 0.040256
0 0.080406 0.368054 0.017594 0.039324
4 0.959437 0.132366 0.021281 0.033263
4 0.966055 0.105466 0.020953 0.025012
4 0.943445 0.103531 0.024516 0.030979
4 0.938133 0.133287 0.025672 0.026154
4 0.912164 0.130280 0.020953 0.030443
4 0.887516 0.131282 0.021500 0.026667
4 0.862820 0.130338 0.025203 0.025478
4 0.878102 0.066072 0.019047 0.046783
4 0.853555 0.043147 0.013984 0.051096
4 0.934016 0.153776 0.018875 0.009790
4 0.906125 0.150443 0.020406 0.012401
0 0.112414 0.397914 0.023984 0.120629
0 0.126039 0.334825 0.024234 0.042471
4 0.953133 0.150828 0.018141 0.013916
0 0.470805 0.408392 0.025078 0.117622
4 0.918086 0.105828 0.021016 0.031748
0 0.555469 0.400932 0.726562 0.191142
4 0.481250 0.207459 0.959375 0.414918