1 0.506250 0.114127 0.071656 0.080896
1 0.390945 0.082866 0.064078 0.082901
1 0.564656 0.129139 0.058031 0.083608
1 0.058719 0.150613 0.116281 0.131415
1 0.621727 0.159210 0.065578 0.072665
4 0.596250 0.406745 0.311156 0.462925
0 0.640719 0.673337 0.355219 0.288467
0 0.823891 0.387441 0.116750 0.282429
0 0.795234 0.324080 0.022000 0.056981
0 0.760016 0.279776 0.061031 0.101108
1 0.734633 0.244151 0.035234 0.045142
3 0.192750 0.406309 0.064469 0.183797
4 0.806047 0.348267 0.026312 0.043750
4 0.856719 0.478361 0.057063 0.144741
4 0.964070 0.587665 0.031984 0.069387
1 0.062453 0.070142 0.019094 0.021745
4 0.731469 0.344575 0.153000 0.238538
4 0.927516 0.735212 0.110000 0.109575
4 0.917523 0.626061 0.088391 0.180896
1 0.182078 0.031226 0.009906 0.013443
1 0.217773 0.021934 0.015953 0.016698
1 0.142555 0.039882 0.012484 0.012406
4 0.119594 0.657146 0.235750 0.685708