6 0.678164 0.433188 0.064297 0.113042
5 0.310211 0.306438 0.438922 0.422500
4 0.584414 0.253323 0.123547 0.214646
4 0.723953 0.148469 0.088031 0.048771
4 0.867875 0.266521 0.162531 0.315583
4 0.939391 0.249458 0.121219 0.307958
4 0.676078 0.088438 0.069687 0.118083
4 0.595555 0.090458 0.081328 0.105875
4 0.500000 0.125000 0.108094 0.139625
4 0.224648 0.058427 0.087984 0.091396
4 0.123477 0.059625 0.095172 0.073667
4 0.389898 0.189437 0.138078 0.258833
4 0.109078 0.109427 0.108531 0.048479
4 0.503117 0.029458 0.057391 0.057958
4 0.500000 0.159375 0.996875 0.318750