1 0.544719 0.939192 0.169813 0.099087
0 0.600648 0.738595 0.027016 0.122295
0 0.558344 0.667389 0.025219 0.107845
0 0.766773 0.869473 0.060359 0.157400
0 0.770641 0.727658 0.022000 0.115785
0 0.788469 0.858677 0.027281 0.146066
0 0.625203 0.783080 0.036594 0.154871
0 0.672609 0.860785 0.041281 0.148173
0 0.604602 0.678817 0.031359 0.097213
0 0.270203 0.968173 0.039813 0.063653
0 0.541344 0.675703 0.012562 0.057026
0 0.540750 0.644696 0.011562 0.026300
0 0.525344 0.660796 0.023781 0.114754
0 0.549398 0.824227 0.028328 0.139227