3 0.465242 0.863689 0.036266 0.194543
3 0.488602 0.853454 0.030766 0.191452
3 0.517664 0.835152 0.036172 0.182904
3 0.544070 0.822260 0.033172 0.175808
3 0.582578 0.800187 0.027656 0.175457
3 0.567430 0.809906 0.032141 0.175925
3 0.494742 0.766124 0.023484 0.111171
3 0.653055 0.760726 0.031047 0.127026
3 0.651664 0.718548 0.043266 0.108712
6 0.388484 0.900211 0.033219 0.074379
0 0.533125 0.548255 0.128375 0.419883
0 0.314859 0.599309 0.203906 0.674169
0 0.161172 0.606733 0.322344 0.759555
0 0.597469 0.531464 0.070469 0.334824
0 0.734891 0.660867 0.173094 0.678267
0 0.774062 0.428033 0.032031 0.101358
0 0.813883 0.394660 0.031297 0.182904
0 0.928391 0.378841 0.052938 0.087939
0 0.642391 0.434859 0.041250 0.135293
0 0.019219 0.466288 0.037844 0.213232
0 0.963984 0.370480 0.034813 0.048876
0 0.883914 0.645105 0.199703 0.709789
3 0.660109 0.658103 0.009125 0.023138
3 0.674008 0.724941 0.009609 0.082014
4 0.457500 0.653126 0.045219 0.094871
3 0.466969 0.761745 0.015438 0.146206
0 0.970500 0.543724 0.059000 0.620796
3 0.378078 0.600468 0.047719 0.134098
0 0.679688 0.557377 0.628125 0.604215