0 0.293703 0.295708 0.097219 0.297917
0 0.361313 0.345396 0.040969 0.052250
0 0.488445 0.456969 0.082703 0.160562
0 0.753156 0.410625 0.065219 0.141625
0 0.965281 0.464448 0.069437 0.157812
0 0.943977 0.775573 0.112047 0.447729
0 0.717125 0.543302 0.115469 0.216438
0 0.489867 0.568688 0.168922 0.243250
0 0.331266 0.602792 0.136531 0.453208
0 0.204828 0.501292 0.084562 0.314125
4 0.465688 0.430427 0.039438 0.015896
4 0.155297 0.571469 0.023938 0.135104
4 0.895195 0.934073 0.024797 0.130812
5 0.565445 0.641573 0.234266 0.204479
5 0.802297 0.607719 0.227156 0.188271
5 0.362242 0.520844 0.159422 0.134438
5 0.582461 0.497000 0.091453 0.107458
5 0.684148 0.419573 0.082109 0.102646
5 0.899109 0.480104 0.131812 0.129292
5 0.386305 0.412500 0.079234 0.086083
5 0.224570 0.418125 0.105672 0.097542
5 0.071391 0.431135 0.102813 0.089188
5 0.034398 0.556167 0.063234 0.196375
0 0.074016 0.384656 0.141219 0.147229
4 0.314828 0.695385 0.178687 0.350604
4 0.611789 0.369302 0.083953 0.156271
4 0.163711 0.409010 0.028609 0.083979
4 0.430312 0.873062 0.127719 0.253875
4 0.813352 0.943417 0.043078 0.110083
5 0.057344 0.639656 0.114688 0.261604
5 0.086281 0.762937 0.169594 0.354958
5 0.013609 0.492781 0.027031 0.153562