1 0.066813 0.675134 0.017375 0.032991
1 0.083422 0.672902 0.023969 0.030536
0 0.382414 0.758482 0.067984 0.211696
0 0.285430 0.769297 0.061016 0.213326
0 0.556383 0.754029 0.023234 0.074308
0 0.422016 0.680301 0.011594 0.036540
0 0.335688 0.689319 0.014625 0.029129
0 0.293977 0.658393 0.011516 0.014107
0 0.124047 0.681261 0.012156 0.030692
0 0.208898 0.663281 0.004734 0.029286
1 0.019703 0.685725 0.039406 0.046183
1 0.049586 0.677958 0.026859 0.037656
0 0.431906 0.685480 0.009281 0.037299
0 0.299883 0.681663 0.009609 0.044353
0 0.533438 0.757433 0.037719 0.086205
0 0.125281 0.660937 0.010281 0.025223