4 0.176896 0.403273 0.157208 0.176422
0 0.676177 0.464125 0.308979 0.250875
0 0.632771 0.283797 0.152083 0.135125
0 0.216990 0.316984 0.137688 0.190156
0 0.412385 0.236156 0.102146 0.166719
0 0.552865 0.256711 0.144354 0.154797
5 0.435437 0.667797 0.222208 0.243250
5 0.489885 0.878648 0.308604 0.215734
5 0.390438 0.219773 0.069458 0.033297
4 0.926104 0.365414 0.145833 0.074047
4 0.552312 0.472320 0.895375 0.313547
4 0.764073 0.283852 0.088438 0.063078
4 0.724917 0.255953 0.089958 0.054531
4 0.872573 0.263766 0.078729 0.056719
4 0.877417 0.314797 0.063792 0.057406
4 0.941917 0.274594 0.044917 0.031031
4 0.828635 0.899141 0.140354 0.112688
0 0.977833 0.220266 0.043625 0.086406
0 0.766667 0.658023 0.466667 0.506172
4 0.832792 0.446359 0.130250 0.100219
5 0.475979 0.388156 0.125792 0.097125
5 0.264073 0.340531 0.048188 0.020594
4 0.453479 0.311688 0.092625 0.075156
0 0.839938 0.820234 0.313833 0.353938
0 0.548260 0.203766 0.075354 0.081500
0 0.349062 0.402617 0.234250 0.245734
0 0.330417 0.217891 0.094458 0.099562
4 0.612500 0.398438 0.675000 0.309375