3 0.176273 0.461222 0.035734 0.104222
3 0.227117 0.437278 0.010016 0.060944
3 0.280102 0.425306 0.014141 0.106111
3 0.295789 0.424125 0.012984 0.098528
3 0.350977 0.391667 0.014141 0.119167
3 0.360109 0.377083 0.011219 0.061389
3 0.371766 0.339222 0.005750 0.044000
3 0.392992 0.426028 0.017547 0.059000
3 0.370078 0.411625 0.023344 0.091306
3 0.381398 0.398903 0.009641 0.103917
3 0.208602 0.446569 0.027609 0.056806
3 0.387578 0.368403 0.007531 0.044972
6 0.646070 0.553389 0.034203 0.090556
3 0.354961 0.431569 0.009672 0.049806
4 0.907687 0.889389 0.184125 0.221222