2 0.531350 0.451653 0.025980 0.043893
1 0.312410 0.486680 0.176180 0.144560
0 0.756290 0.400067 0.007260 0.011493
0 0.822620 0.420307 0.008040 0.037093
1 0.408440 0.459187 0.085720 0.113413
1 0.205770 0.428813 0.078900 0.079387
0 0.692450 0.406027 0.007900 0.019787
0 0.659100 0.416800 0.013360 0.041867
0 0.677250 0.416373 0.014180 0.038240
2 0.719390 0.415680 0.004940 0.018400
1 0.827250 0.404240 0.035140 0.021867
0 0.719690 0.402720 0.008460 0.021440
0 0.537970 0.426720 0.013620 0.051147
0 0.747030 0.397773 0.006500 0.013680
0 0.741100 0.406413 0.012680 0.018213
0 0.832570 0.419053 0.009300 0.034960
0 0.614680 0.430853 0.013960 0.062773
1 0.847600 0.418853 0.013080 0.036747