3 0.793030 0.510213 0.026180 0.099467
1 0.972640 0.286013 0.054720 0.068880
3 0.239080 0.508333 0.018520 0.045147
3 0.465550 0.486493 0.048660 0.101307
4 0.479870 0.380533 0.080540 0.125280
0 0.714450 0.443000 0.230260 0.539493
0 0.394180 0.461747 0.221280 0.266853
0 0.199700 0.392160 0.149080 0.255947
0 0.436100 0.611547 0.337280 0.524907
3 0.332700 0.612040 0.024800 0.103813
6 0.683400 0.755493 0.026920 0.061013
6 0.344830 0.428907 0.023260 0.045760
4 0.235900 0.431587 0.227240 0.237413
4 0.531880 0.607960 0.206000 0.389093