3 0.660891 0.366552 0.029687 0.110646
0 0.628648 0.272344 0.161797 0.393271
0 0.506836 0.281146 0.198234 0.380833
0 0.193008 0.500677 0.281797 0.621396
0 0.849766 0.602229 0.299531 0.785750
0 0.381742 0.368531 0.284828 0.480896
3 0.716297 0.372937 0.035344 0.141333
6 0.551000 0.689198 0.055906 0.096563
6 0.283727 0.965396 0.062922 0.069208
5 0.663766 0.654865 0.215094 0.259396
0 0.903922 0.396625 0.114625 0.298208
0 0.941883 0.210385 0.095453 0.155854
6 0.832164 0.374594 0.024922 0.048271
6 0.232578 0.933010 0.106969 0.132646