3 0.548648 0.908552 0.040047 0.174271
0 0.681742 0.539333 0.544391 0.867417
0 0.626609 0.156354 0.087125 0.157458
0 0.218008 0.100000 0.051141 0.116125
0 0.958891 0.514885 0.082219 0.680354
0 0.299734 0.055365 0.030500 0.084854
0 0.852977 0.056302 0.017828 0.103771
5 0.648367 0.424969 0.206641 0.232021
5 0.616984 0.184104 0.067656 0.069042
0 0.351648 0.103292 0.074828 0.121292
0 0.419570 0.181646 0.146828 0.173542
0 0.964422 0.052229 0.017594 0.064167
5 0.262031 0.099958 0.022625 0.036208
0 0.399398 0.141052 0.085109 0.138896
4 0.209500 0.149302 0.050938 0.043854
4 0.369086 0.144740 0.042984 0.062021