4 0.240203 0.529681 0.038625 0.053639
2 0.947008 0.459903 0.080922 0.083139
0 0.168484 0.503361 0.051656 0.130667
0 0.191281 0.425653 0.017063 0.061250
0 0.107164 0.498500 0.052078 0.152889
0 0.699602 0.487611 0.047547 0.136778
4 0.161164 0.525472 0.040453 0.069500
4 0.096188 0.535722 0.036219 0.077889
0 0.289070 0.493972 0.040609 0.138389
0 0.272859 0.488403 0.025250 0.110806
0 0.097078 0.413931 0.017688 0.038750
0 0.954023 0.436750 0.045391 0.104111
0 0.226648 0.493014 0.055547 0.138083
0 0.151008 0.473889 0.021078 0.094500
0 0.516312 0.419111 0.021906 0.065389
4 0.716859 0.530931 0.014031 0.043694