0 0.508547 0.711234 0.382656 0.546067
0 0.580102 0.434163 0.237234 0.228619
0 0.912195 0.683295 0.169516 0.602238
0 0.844109 0.437741 0.136563 0.197699
0 0.309664 0.515732 0.135953 0.276402
0 0.171664 0.537144 0.159891 0.280774
0 0.929008 0.409623 0.078734 0.145272
0 0.920414 0.308776 0.109953 0.151192
0 0.784836 0.380544 0.119047 0.127782
4 0.477867 0.855377 0.221016 0.289247
4 0.228258 0.841569 0.228266 0.294393
4 0.052422 0.568515 0.103937 0.159372
4 0.832016 0.755973 0.092469 0.462155
4 0.657766 0.374226 0.044156 0.072469
4 0.721969 0.491893 0.060813 0.220565
5 0.967148 0.729331 0.065703 0.066862
5 0.389773 0.433954 0.087203 0.014100
5 0.201805 0.677939 0.188141 0.142238
0 0.780227 0.328787 0.048078 0.074268
0 0.799156 0.325251 0.075563 0.060460
0 0.099531 0.841381 0.198031 0.317238
0 0.430820 0.373190 0.110422 0.144623
0 0.649219 0.362971 0.695312 0.156904