3 0.635437 0.444583 0.013781 0.052125
6 0.709750 0.530937 0.036937 0.042167
6 0.670937 0.595958 0.032250 0.041292
6 0.640484 0.595573 0.029594 0.038646
6 0.679656 0.529865 0.023531 0.036771
6 0.569047 0.597104 0.019594 0.037417
6 0.634594 0.527125 0.018500 0.047792
6 0.588414 0.538125 0.013984 0.026708
6 0.606602 0.532104 0.015016 0.034500
6 0.656391 0.527958 0.024625 0.047042
6 0.526391 0.596208 0.015000 0.032583
6 0.706234 0.589813 0.037500 0.044750
3 0.465086 0.530885 0.017891 0.038771
3 0.617461 0.703687 0.029641 0.098458