3 0.432047 0.499344 0.067000 0.234563
3 0.481695 0.403000 0.022891 0.120042
3 0.456906 0.484260 0.035156 0.216188
3 0.504531 0.374323 0.019156 0.113979
3 0.491781 0.386573 0.007031 0.021021
3 0.485594 0.358625 0.012937 0.056333
3 0.415937 0.409917 0.020969 0.078667
0 0.827703 0.619365 0.344594 0.738729
0 0.788023 0.496250 0.208297 0.451792
0 0.591734 0.305823 0.048281 0.162396
0 0.539328 0.311229 0.070781 0.137083
0 0.442250 0.262406 0.081000 0.184521
0 0.191273 0.536010 0.382547 0.633104
6 0.365695 0.532135 0.038203 0.075604
5 0.224961 0.765292 0.262516 0.265250
0 0.335430 0.327896 0.082703 0.233250
0 0.371688 0.303698 0.054688 0.135521
6 0.509062 0.591156 0.041031 0.108688
6 0.450500 0.348094 0.017094 0.015312
6 0.365836 0.446490 0.023922 0.033604
4 0.695555 0.531458 0.054859 0.181375
4 0.012641 0.462927 0.021906 0.283146
0 0.648687 0.398281 0.137000 0.361979
0 0.299406 0.417021 0.180469 0.342167