6 0.726117 0.193073 0.017641 0.031313
6 0.678219 0.189448 0.029844 0.028229
6 0.570195 0.190479 0.021859 0.029167
6 0.609531 0.198198 0.020281 0.038396
6 0.473758 0.189156 0.023141 0.031521
6 0.626125 0.192135 0.021906 0.038187
3 0.671938 0.049656 0.025781 0.098729
3 0.386500 0.403802 0.066500 0.153562
3 0.628930 0.053667 0.018859 0.089333
3 0.659422 0.050052 0.019250 0.100104
6 0.530164 0.188344 0.020516 0.029479
4 0.926008 0.837823 0.147984 0.324354
6 0.551031 0.194792 0.022125 0.035000
6 0.496539 0.195854 0.018547 0.041458