2 0.225188 0.765734 0.418216 0.430406
2 0.534531 0.527727 0.247230 0.109141
0 0.753005 0.617266 0.223944 0.596938
0 0.382089 0.447031 0.032347 0.053906
0 0.099836 0.415289 0.023521 0.041953
0 0.874789 0.419547 0.018920 0.034156
0 0.935364 0.412734 0.010211 0.021656
1 0.966127 0.418102 0.060986 0.020453
1 0.904073 0.416406 0.033545 0.017563
1 0.212207 0.401687 0.070751 0.014781
1 0.071514 0.403148 0.041197 0.012922
2 0.799930 0.448758 0.046385 0.030859
2 0.776948 0.450414 0.050892 0.028641
1 0.422923 0.400281 0.029742 0.014938