1 0.599711 0.801075 0.302016 0.341916
1 0.546172 0.613879 0.094281 0.108458
1 0.486844 0.575514 0.090281 0.096262
1 0.587477 0.545350 0.057297 0.042243
1 0.803102 0.540304 0.037578 0.054065
0 0.246016 0.549428 0.050906 0.086799
2 0.955867 0.810748 0.088266 0.296168
0 0.107641 0.516717 0.070531 0.075958
2 0.897180 0.691612 0.054453 0.144813
1 0.428891 0.553306 0.029500 0.067126
1 0.473281 0.541005 0.074219 0.053832
0 0.528875 0.575561 0.012094 0.018925
0 0.547211 0.691355 0.032391 0.050421
1 0.630047 0.628586 0.136094 0.044089
0 0.198922 0.530432 0.026125 0.039509