1 0.966180 0.601939 0.067641 0.124953
1 0.927242 0.576542 0.087516 0.092850
0 0.194523 0.528446 0.032703 0.162640
0 0.026734 0.509498 0.044781 0.173388
0 0.147281 0.513949 0.049312 0.167523
0 0.491773 0.606974 0.459391 0.765771
0 0.169875 0.513435 0.020594 0.123224
0 0.050391 0.493843 0.032750 0.162593
0 0.076375 0.506145 0.032188 0.184159
0 0.215914 0.519696 0.022703 0.130421
1 0.335852 0.554790 0.076391 0.121308
0 0.104102 0.515572 0.032859 0.158762
1 0.745406 0.535234 0.308000 0.268224
1 0.323695 0.429825 0.023953 0.037079
0 0.117867 0.460386 0.022391 0.096005
1 0.267805 0.413131 0.025734 0.033505