2 0.701437 0.655625 0.092875 0.069958
2 0.222914 0.643594 0.075297 0.082646
0 0.583867 0.604302 0.119359 0.623646
0 0.370086 0.612354 0.062484 0.220250
0 0.136883 0.610781 0.070422 0.182896
0 0.226867 0.615438 0.040984 0.116333
0 0.715711 0.589708 0.025266 0.075417
0 0.957687 0.607854 0.029344 0.096833
0 0.168055 0.553865 0.012453 0.052396
0 0.789633 0.584687 0.020141 0.046708
2 0.316070 0.633781 0.023266 0.052479
0 0.767719 0.596938 0.015313 0.021333
0 0.924820 0.613990 0.037016 0.083729
0 0.842547 0.613708 0.007500 0.043333