2 0.249211 0.314755 0.244703 0.264182
0 0.133422 0.221846 0.102750 0.322290
0 0.205688 0.156098 0.024719 0.103458
0 0.322164 0.177839 0.037703 0.192173
0 0.409742 0.283785 0.143703 0.567570
0 0.869375 0.274159 0.160812 0.539346
0 0.976078 0.152815 0.031563 0.134836
0 0.290320 0.160280 0.037109 0.153598
0 0.823227 0.074953 0.025422 0.067710
0 0.553906 0.213435 0.112500 0.401869
0 0.628930 0.131460 0.025547 0.101145
0 0.241305 0.203014 0.077578 0.262617
0 0.490672 0.224720 0.085656 0.408972
0 0.067898 0.167430 0.032922 0.147897
0 0.500000 0.206776 0.996875 0.413551