2 0.949690 0.604730 0.100620 0.248919
2 0.876960 0.564024 0.055120 0.152553
2 0.694640 0.524369 0.065880 0.094625
2 0.639220 0.513859 0.070840 0.123754
2 0.715620 0.466051 0.034280 0.031562
2 0.943830 0.509399 0.069780 0.113634
2 0.688160 0.483108 0.075960 0.044775
0 0.451160 0.560751 0.707520 0.853754
0 0.246950 0.520495 0.068180 0.164174
0 0.076020 0.593093 0.075440 0.373393
0 0.287070 0.479354 0.040060 0.147598
0 0.114670 0.556742 0.052340 0.252042
0 0.037930 0.489595 0.025700 0.144294
2 0.582760 0.501742 0.051400 0.093634
2 0.904180 0.504399 0.046800 0.097988
2 0.869810 0.472673 0.056820 0.038138