0 0.891570 0.641573 0.212359 0.694396
0 0.119664 0.631458 0.239328 0.701125
0 0.382211 0.369812 0.114516 0.384000
0 0.274266 0.503948 0.145594 0.593688
0 0.737891 0.541802 0.206687 0.673937
3 0.478469 0.264823 0.014625 0.075104
3 0.491469 0.268573 0.015656 0.089479
3 0.566148 0.263031 0.017266 0.084563
3 0.517039 0.271406 0.015141 0.093479
3 0.528500 0.272646 0.015594 0.089000
3 0.541555 0.270740 0.017984 0.088854
3 0.505273 0.269542 0.013766 0.088125
3 0.552969 0.271760 0.016875 0.089646
3 0.576508 0.267583 0.011203 0.062667
3 0.409336 0.058948 0.014734 0.070104
3 0.380531 0.057365 0.015000 0.073521
6 0.666219 0.872469 0.077844 0.115021
6 0.475383 0.647438 0.058453 0.096542
6 0.616578 0.606396 0.045281 0.066208
6 0.409797 0.616667 0.045344 0.065125
6 0.450453 0.483823 0.030344 0.042146
6 0.462672 0.471708 0.026438 0.047417
6 0.572648 0.495740 0.031516 0.053396
6 0.521133 0.502875 0.037047 0.059125
0 0.642445 0.404792 0.125234 0.405500
6 0.286992 0.832010 0.083953 0.119854
6 0.533875 0.653844 0.059594 0.101146