0 0.354781 0.443549 0.126906 0.300334
0 0.305414 0.217380 0.198016 0.430501
0 0.454484 0.402203 0.104281 0.274927
0 0.810703 0.668424 0.165594 0.475595
0 0.160977 0.570491 0.245641 0.373257
0 0.764328 0.185658 0.091563 0.188392
0 0.844648 0.128069 0.125672 0.167912
0 0.933219 0.441441 0.133563 0.349102
0 0.976586 0.275574 0.046828 0.268351
6 0.675859 0.439645 0.028813 0.052401
6 0.352117 0.846326 0.064359 0.113152
6 0.787680 0.680146 0.068797 0.112860
6 0.155719 0.207265 0.017500 0.020710
6 0.167211 0.199916 0.016922 0.024092
6 0.676922 0.158309 0.014250 0.038747
6 0.870203 0.441253 0.041344 0.053528
6 0.718664 0.148403 0.013016 0.035887
6 0.655789 0.142818 0.013453 0.035616
4 0.252117 0.501889 0.116828 0.170000
4 0.200984 0.278653 0.085781 0.076388
4 0.590203 0.318967 0.065156 0.239645
4 0.652688 0.336367 0.055813 0.118246
4 0.708695 0.258664 0.020234 0.078664
4 0.730852 0.271211 0.042797 0.047557
4 0.605281 0.376054 0.072000 0.116326
4 0.901078 0.707860 0.194000 0.446117
4 0.433883 0.205908 0.053609 0.052902
4 0.759555 0.894384 0.131766 0.211232
4 0.123695 0.433372 0.145484 0.148873
0 0.626500 0.784269 0.314500 0.408998
0 0.188547 0.127370 0.063250 0.136367
6 0.518039 0.527923 0.038359 0.070209
6 0.517969 0.481044 0.046781 0.042797
6 0.632133 0.427401 0.041797 0.027912
4 0.210078 0.228935 0.050781 0.056534
0 0.917336 0.222401 0.041859 0.093820
6 0.635008 0.154478 0.011547 0.026660
4 0.532484 0.340094 0.073938 0.241148
4 0.251563 0.487474 0.503125 0.645094
6 0.407813 0.575157 0.750000 0.845511