2 0.796641 0.613655 0.396750 0.479373
1 0.761547 0.184112 0.173281 0.131410
0 0.240867 0.503029 0.476297 0.963708
1 0.454898 0.215091 0.200828 0.085587
6 0.533094 0.731736 0.101625 0.252872
2 0.730344 0.414426 0.129969 0.149008
4 0.547961 0.421841 0.111328 0.240235
0 0.580383 0.170796 0.010109 0.020966
0 0.640672 0.165183 0.015563 0.032611
4 0.618227 0.308734 0.057359 0.053342
4 0.788281 0.314295 0.071875 0.101436
4 0.692719 0.317493 0.064719 0.096971
4 0.692195 0.353277 0.585766 0.218721
4 0.420719 0.403368 0.053531 0.194935
4 0.901617 0.310170 0.038484 0.093290
4 0.403820 0.390261 0.048359 0.200679
4 0.732375 0.308185 0.036594 0.113655
4 0.497406 0.383381 0.065125 0.233603
4 0.618805 0.266005 0.016484 0.032742