3 0.087695 0.796124 0.023422 0.112014
3 0.012937 0.792026 0.025875 0.129297
4 0.173633 0.708232 0.123547 0.295246
4 0.182742 0.681792 0.084703 0.295574
4 0.281664 0.613794 0.073266 0.116112
4 0.031836 0.691651 0.063297 0.298009
0 0.361391 0.601546 0.325937 0.488525
0 0.554820 0.587541 0.141359 0.402998
0 0.647500 0.533009 0.179031 0.544098
0 0.734391 0.561616 0.071094 0.296440
0 0.929398 0.632248 0.060141 0.299438
0 0.413773 0.431979 0.155828 0.854871
0 0.725328 0.574098 0.086844 0.429321
0 0.825367 0.564040 0.220391 0.822459
0 0.941688 0.619333 0.116625 0.320632
4 0.652750 0.658700 0.030031 0.017916