2 0.101141 0.732823 0.201906 0.303563
1 0.272930 0.404167 0.053203 0.017167
1 0.175391 0.413198 0.045750 0.023021
1 0.514781 0.383198 0.038187 0.012104
0 0.398156 0.570427 0.050375 0.184979
0 0.312039 0.527292 0.053234 0.125833
0 0.287609 0.591969 0.068250 0.134229
0 0.250305 0.536458 0.052766 0.121333
0 0.133781 0.548990 0.061625 0.167687
0 0.358070 0.584240 0.055234 0.122646
0 0.285508 0.499656 0.031609 0.069229
0 0.103500 0.565510 0.026500 0.157396
0 0.466898 0.525990 0.008891 0.019521
2 0.016688 0.612635 0.024344 0.139104
0 0.068922 0.563229 0.044188 0.165500
2 0.132172 0.593042 0.051156 0.091667
1 0.744430 0.381938 0.034766 0.019625
1 0.636687 0.382604 0.045781 0.023750