2 0.614180 0.921388 0.069016 0.117459
2 0.542500 0.904071 0.035281 0.088565
2 0.921602 0.862635 0.032734 0.085976
0 0.751828 0.823435 0.016281 0.112941
0 0.723437 0.835235 0.025656 0.121294
0 0.478445 0.848835 0.024766 0.124588
0 0.365141 0.870494 0.028875 0.146212
0 0.298727 0.867059 0.021203 0.116659
0 0.209742 0.872024 0.027859 0.128424
0 0.497234 0.809200 0.009969 0.033506
0 0.957039 0.818494 0.020484 0.089271
0 0.031281 0.886035 0.029687 0.131553
0 0.977945 0.811141 0.019297 0.097765
0 0.883844 0.815388 0.035219 0.115482
2 0.900859 0.857812 0.020719 0.094024
0 0.076945 0.883153 0.027453 0.132847
0 0.100781 0.877859 0.028563 0.139482
0 0.504687 0.849412 0.987500 0.249412