3 0.055637 0.374199 0.021242 0.036503
0 0.529975 0.551658 0.373742 0.870474
0 0.828472 0.342157 0.343056 0.650229
0 0.267418 0.804493 0.530327 0.359542
3 0.136324 0.348922 0.020229 0.033137
3 0.146373 0.343938 0.018791 0.030458
3 0.090302 0.359755 0.022141 0.031111
5 0.294583 0.620204 0.205408 0.176062
3 0.069690 0.370000 0.020065 0.038431
6 0.307337 0.724257 0.048562 0.057663
3 0.100302 0.358644 0.021846 0.032974
3 0.155678 0.341332 0.021095 0.028578
3 0.107459 0.435114 0.040376 0.078529
3 0.106863 0.355294 0.020425 0.032092
3 0.129739 0.349820 0.017614 0.031667
3 0.061691 0.370408 0.020310 0.035556
3 0.077377 0.365139 0.018415 0.033807
3 0.083758 0.416422 0.024902 0.043007
3 0.097222 0.419118 0.086601 0.158497