0 0.540828 0.634766 0.021875 0.017969
1 0.565641 0.669305 0.133250 0.094672
1 0.931242 0.693133 0.137516 0.153641
1 0.914695 0.674875 0.155234 0.139344
1 0.124547 0.658813 0.091938 0.080812
1 0.829789 0.672922 0.070672 0.125969
1 0.213430 0.673383 0.050703 0.058797
1 0.458273 0.671188 0.068078 0.056719
1 0.737109 0.666836 0.059281 0.064859
1 0.066461 0.666359 0.106891 0.073531
1 0.138352 0.670195 0.042953 0.072016
1 0.297047 0.682867 0.048156 0.042203
0 0.446727 0.653367 0.008578 0.007266
1 0.795883 0.673813 0.044391 0.093063
1 0.422656 0.660937 0.845313 0.125000