2 0.232016 0.619344 0.194531 0.373396
2 0.413227 0.681370 0.175047 0.615059
2 0.733187 0.692119 0.528000 0.593560
2 0.816398 0.704824 0.367203 0.590351
2 0.231719 0.430105 0.136313 0.154824
2 0.485297 0.760773 0.205625 0.459063
2 0.306055 0.533396 0.237547 0.257377
2 0.232445 0.491920 0.078266 0.160890
0 0.020477 0.419274 0.040953 0.277424
0 0.083078 0.394719 0.017469 0.064895
0 0.113617 0.389040 0.012766 0.047307
0 0.140711 0.384415 0.012828 0.054871
0 0.169008 0.399122 0.039516 0.123162
0 0.126664 0.382881 0.013922 0.057471
2 0.204867 0.531768 0.105172 0.202365
2 0.334133 0.507026 0.104297 0.098876
2 0.616828 0.805562 0.328531 0.385691
2 0.275734 0.516112 0.228563 0.133115
0 0.442305 0.344672 0.019266 0.047283
2 0.239555 0.475211 0.151609 0.161382
0 0.102664 0.388396 0.012297 0.046909
2 0.086719 0.449649 0.170313 0.229508