0 0.243984 0.359977 0.034656 0.090258
0 0.262508 0.333126 0.034891 0.077307
0 0.334445 0.375222 0.027516 0.108431
4 0.165672 0.877529 0.220406 0.244941
4 0.440375 0.408689 0.013781 0.023232
4 0.985242 0.647061 0.028859 0.135902
4 0.367078 0.643290 0.133219 0.183255
4 0.265141 0.569016 0.073750 0.099766
4 0.035094 0.727283 0.069625 0.098548
4 0.462937 0.674977 0.083625 0.121897
4 0.408969 0.531546 0.035813 0.038033
4 0.788094 0.577400 0.050750 0.026838
5 0.271109 0.692002 0.146437 0.211124
5 0.516086 0.586136 0.104953 0.099953
5 0.168031 0.599028 0.123406 0.143302
5 0.101953 0.553162 0.099531 0.112600
5 0.055813 0.491850 0.068219 0.072037
5 0.737797 0.646815 0.120719 0.141780
5 0.616938 0.539251 0.068469 0.075504
5 0.844141 0.589930 0.085094 0.108431
5 0.071391 0.520492 0.079219 0.086089
5 0.439695 0.485410 0.047266 0.050492
5 0.923594 0.560000 0.063531 0.068946
4 0.740383 0.830925 0.151641 0.199087
4 0.062516 0.886827 0.125031 0.224754
4 0.856742 0.767529 0.114078 0.270749
5 0.535125 0.515995 0.062719 0.060047
4 0.219156 0.519133 0.022125 0.039391
5 0.486594 0.790995 0.205031 0.297728
0 0.484617 0.396874 0.025953 0.060726
0 0.138805 0.354602 0.041641 0.102037
4 0.285156 0.451991 0.520312 0.177986
5 0.513281 0.463700 0.945312 0.210773