2 0.427146 0.646492 0.024958 0.112328
2 0.589823 0.714141 0.109312 0.140813
2 0.474219 0.634688 0.027479 0.109312
2 0.466417 0.424531 0.025292 0.071938
2 0.417208 0.407328 0.025083 0.071500
2 0.364135 0.368164 0.022562 0.060484
2 0.314115 0.337156 0.045271 0.061719
0 0.584500 0.600836 0.121875 0.163703
0 0.424979 0.583570 0.107042 0.210859
0 0.488917 0.573898 0.061542 0.178484
0 0.501781 0.472047 0.086771 0.140656
0 0.467802 0.378547 0.053937 0.113250
0 0.412427 0.369742 0.063687 0.125828
0 0.357792 0.331039 0.066250 0.111641
0 0.310781 0.302289 0.065687 0.084172
0 0.522385 0.417000 0.054062 0.059969