4 0.145340 0.946667 0.281040 0.085653
4 0.869870 0.892547 0.171700 0.192240
4 0.044160 0.785987 0.078760 0.066747
4 0.659610 0.764027 0.030060 0.054987
0 0.714390 0.794493 0.142580 0.281307
0 0.506310 0.789147 0.254100 0.420747
0 0.268490 0.793000 0.145220 0.286587
0 0.398280 0.734160 0.075560 0.199520
0 0.613250 0.761120 0.097180 0.241600
0 0.111330 0.634867 0.016420 0.060720
0 0.225270 0.606293 0.018460 0.036907
6 0.328930 0.831093 0.023260 0.031733
6 0.383080 0.826147 0.018440 0.029200
4 0.787680 0.769253 0.057600 0.047093
4 0.933990 0.896640 0.132020 0.184267
4 0.714810 0.901440 0.149420 0.132107
0 0.159310 0.805680 0.193060 0.276320