2 0.847242 0.825828 0.120828 0.225315
2 0.926187 0.759277 0.122531 0.348392
2 0.962602 0.715210 0.036047 0.142354
0 0.299516 0.794196 0.271469 0.410303
0 0.688602 0.631072 0.078641 0.408485
0 0.329172 0.615058 0.103969 0.303543
0 0.501359 0.575175 0.067469 0.328858
0 0.606297 0.569662 0.058750 0.307855
0 0.654625 0.568508 0.056625 0.307086
0 0.772555 0.611212 0.068578 0.347879
0 0.861508 0.520466 0.061359 0.224942
0 0.079078 0.794382 0.158156 0.411235
0 0.562359 0.575023 0.052500 0.274522
0 0.553266 0.454942 0.041969 0.098089
0 0.195234 0.667016 0.114781 0.399580
2 0.952945 0.626096 0.077141 0.242168
2 0.826398 0.551690 0.051203 0.125524
2 0.882453 0.774965 0.128906 0.292354
0 0.105180 0.415862 0.049609 0.072564
0 0.499219 0.632867 0.998437 0.599068