4 0.285719 0.887750 0.217687 0.183667
4 0.133508 0.812656 0.085953 0.272854
0 0.236969 0.703260 0.262125 0.489729
5 0.353547 0.607865 0.139063 0.134104
5 0.573813 0.599719 0.135719 0.110521
4 0.451312 0.942677 0.054500 0.095479
4 0.390156 0.829188 0.069594 0.159792
0 0.114539 0.423708 0.042734 0.109833
0 0.710953 0.255437 0.030156 0.062250
0 0.684414 0.255792 0.017828 0.059125
0 0.796711 0.531198 0.041766 0.058271
0 0.562102 0.445135 0.029484 0.067896
4 0.323398 0.612187 0.031234 0.063833
0 0.650789 0.584792 0.122953 0.283792