0 0.859094 0.503372 0.278875 0.570773
0 0.607078 0.442564 0.222406 0.511265
0 0.360578 0.453934 0.253375 0.494379
0 0.148430 0.244953 0.077953 0.049438
6 0.787117 0.778267 0.061734 0.082951
4 0.048789 0.519625 0.097578 0.110351
4 0.730867 0.465995 0.097109 0.093583
4 0.697000 0.414473 0.025969 0.018829
4 0.788508 0.417506 0.023328 0.028080
4 0.773789 0.412073 0.015359 0.033700
0 0.134937 0.565176 0.263875 0.591007
0 0.483125 0.328864 0.138031 0.324941
4 0.756344 0.410340 0.019531 0.028407
6 0.065914 0.866124 0.088516 0.074356