1 0.044323 0.576508 0.087521 0.050266
1 0.180927 0.565328 0.036563 0.034094
0 0.147156 0.744117 0.168896 0.406266
0 0.346833 0.631648 0.088333 0.190859
0 0.466021 0.567719 0.021250 0.039469
0 0.504104 0.437578 0.369875 0.695750
0 0.264437 0.591297 0.115625 0.339812
0 0.573344 0.676148 0.017896 0.056203
1 0.230365 0.563258 0.019354 0.022578
0 0.398073 0.572406 0.030646 0.047688
0 0.492490 0.644758 0.026396 0.121609
0 0.195937 0.547523 0.010875 0.015734
0 0.182812 0.546461 0.015208 0.013391
2 0.193115 0.621492 0.107896 0.072047
2 0.233521 0.597641 0.022958 0.022656