3 0.451486 0.682453 0.068361 0.150094
3 0.308931 0.720445 0.104306 0.181797
3 0.561444 0.697250 0.100278 0.134250
6 0.233903 0.925703 0.350306 0.148594
0 0.863611 0.598227 0.272778 0.314953
0 0.669417 0.526078 0.143333 0.111875
0 0.437944 0.511406 0.111111 0.078500
0 0.755500 0.526672 0.089611 0.161594
0 0.247333 0.524430 0.167500 0.169078
0 0.159806 0.596625 0.303611 0.321344
0 0.359931 0.528969 0.117083 0.114656
0 0.304847 0.520914 0.056194 0.051172
0 0.778833 0.596195 0.180111 0.178109
0 0.693597 0.485742 0.070639 0.061422
0 0.556056 0.509797 0.099778 0.063281
6 0.517167 0.957148 0.203167 0.075328
6 0.109431 0.868102 0.178694 0.158922
6 0.566403 0.729422 0.094306 0.080656