4 0.073086 0.962740 0.085391 0.074521
0 0.819188 0.821229 0.004906 0.021958
0 0.096844 0.826833 0.012000 0.042708
0 0.065641 0.883854 0.042906 0.111583
0 0.019938 0.904375 0.038937 0.099458
0 0.988727 0.825573 0.009734 0.028229
0 0.913836 0.836688 0.010266 0.011750
4 0.125727 0.978854 0.062016 0.042292
0 0.778453 0.824344 0.007062 0.020896
0 0.833297 0.820292 0.006406 0.019875
0 0.117055 0.865875 0.049359 0.122625
0 0.100617 0.858177 0.033922 0.107979
0 0.699820 0.840031 0.016203 0.058937
0 0.052977 0.847656 0.010578 0.016938
4 0.058242 0.939708 0.064766 0.070750
4 0.282625 0.872812 0.023281 0.039375
4 0.259320 0.878031 0.020922 0.034854
4 0.941383 0.843188 0.012266 0.021333
0 0.025148 0.848865 0.014141 0.028813
4 0.969859 0.839229 0.020281 0.030042
4 0.549727 0.862802 0.023797 0.020313
4 0.912758 0.841531 0.016016 0.022437
4 0.547687 0.871073 0.038062 0.029146
0 0.499219 0.841667 0.998437 0.120833