1 0.943020 0.494853 0.066680 0.073013
1 0.978670 0.499600 0.042660 0.105547
1 0.683480 0.571747 0.305360 0.349253
1 0.867180 0.500653 0.067400 0.089307
0 0.099090 0.616373 0.145660 0.422560
0 0.144940 0.607787 0.088160 0.410773
0 0.210970 0.484093 0.045020 0.163867
0 0.238060 0.451880 0.019160 0.055227
0 0.151730 0.438893 0.017300 0.036773
0 0.627810 0.783147 0.126420 0.200000
0 0.270470 0.443133 0.037260 0.040667
0 0.191830 0.506987 0.047740 0.182613
0 0.256670 0.445893 0.010500 0.010400
1 0.539270 0.461187 0.083540 0.076773
1 0.822740 0.493587 0.050320 0.122853
1 0.549410 0.495813 0.041340 0.062560
1 0.937440 0.459507 0.060160 0.041840
3 0.707820 0.826907 0.025560 0.071733
0 0.746650 0.625240 0.075460 0.395707
0 0.098380 0.753253 0.196760 0.467520