1 0.350711 0.438875 0.142516 0.128417
1 0.244555 0.417833 0.102234 0.105792
0 0.252797 0.405896 0.022094 0.062417
0 0.437391 0.380854 0.016344 0.101625
0 0.812000 0.412198 0.038125 0.057063
0 0.147797 0.315094 0.029500 0.053146
0 0.177859 0.303229 0.017281 0.043542
0 0.051961 0.327969 0.023484 0.068354
2 0.189695 0.340781 0.049359 0.046771
2 0.221492 0.316562 0.044766 0.038208
0 0.284852 0.382823 0.021672 0.038354
0 0.305023 0.382292 0.019703 0.024208
0 0.269609 0.292323 0.011719 0.036687
0 0.110648 0.348917 0.022453 0.043583
2 0.151773 0.333563 0.042203 0.051542
0 0.733125 0.390469 0.019906 0.037563
2 0.258055 0.357260 0.041891 0.035062
2 0.179570 0.339875 0.044109 0.047167