2 0.588469 0.687540 0.035687 0.172920
1 0.812055 0.557425 0.250484 0.362069
1 0.581898 0.380713 0.193016 0.217425
1 0.205367 0.371678 0.097922 0.210759
1 0.759695 0.478920 0.211828 0.358759
1 0.733289 0.427747 0.204266 0.343586
1 0.237922 0.288966 0.115750 0.172414
1 0.257406 0.186747 0.063187 0.088207
1 0.297625 0.165862 0.076875 0.084092
1 0.640555 0.235425 0.139266 0.066115
0 0.891234 0.588770 0.074844 0.355057
0 0.439883 0.668540 0.131359 0.406736
0 0.925648 0.472057 0.052359 0.256759
0 0.943531 0.348161 0.051250 0.184322
0 0.579422 0.582207 0.099500 0.337839
0 0.983211 0.356851 0.031922 0.207126
0 0.891313 0.344138 0.056594 0.200046
0 0.916516 0.253023 0.034187 0.082966
0 0.931719 0.192816 0.020688 0.043287
0 0.978453 0.244632 0.043094 0.098920
0 0.952953 0.238506 0.031344 0.073885
0 0.800320 0.245115 0.036172 0.148713
1 0.217836 0.174506 0.073234 0.080322