2 0.858430 0.851729 0.164734 0.288917
0 0.443797 0.288615 0.034313 0.046271
0 0.413680 0.577969 0.081984 0.084229
0 0.968969 0.622354 0.026969 0.117417
0 0.849586 0.629969 0.030109 0.089813
0 0.701906 0.606010 0.021906 0.038937
0 0.930273 0.617958 0.023141 0.097542
0 0.868906 0.648646 0.032688 0.089917
0 0.988367 0.620094 0.023266 0.155729
0 0.866914 0.601313 0.022578 0.048167
2 0.805633 0.762906 0.038141 0.147687
2 0.854555 0.684250 0.038297 0.031375
1 0.016398 0.668750 0.032797 0.068583
0 0.949727 0.657562 0.047078 0.138083
0 0.878117 0.614219 0.021141 0.071771
0 0.814164 0.639281 0.023859 0.099521
1 0.143289 0.765615 0.286578 0.267896
1 0.277375 0.645448 0.035313 0.072938
1 0.219984 0.658083 0.118063 0.078000