1 0.531160 0.956224 0.157584 0.068682
1 0.322784 0.397482 0.037376 0.056188
1 0.283984 0.341565 0.039392 0.051365
0 0.130960 0.608353 0.023232 0.095576
0 0.057096 0.652600 0.022384 0.115647
0 0.091640 0.462812 0.015600 0.056918
0 0.476320 0.595871 0.043104 0.092541
0 0.582728 0.565106 0.024496 0.090635
0 0.452464 0.416753 0.015072 0.061082
0 0.115416 0.702753 0.033232 0.120000
1 0.361976 0.443094 0.044048 0.067835
1 0.202960 0.268341 0.021696 0.022471
0 0.364376 0.894153 0.049232 0.157341
0 0.410864 0.403918 0.021984 0.064212
0 0.859528 0.698741 0.028272 0.127082
0 0.882200 0.692106 0.031440 0.122800
1 0.680744 0.675482 0.171760 0.221929
0 0.149592 0.697106 0.032368 0.127294
0 0.114248 0.577812 0.024496 0.088753
2 0.498792 0.537871 0.016880 0.052400
0 0.899200 0.844706 0.080000 0.301176