0 0.602703 0.622199 0.170313 0.493380
0 0.463656 0.424155 0.174500 0.538588
0 0.800141 0.533715 0.247250 0.577523
0 0.904977 0.381227 0.084984 0.143102
0 0.354945 0.523588 0.227516 0.629213
0 0.535742 0.145324 0.083891 0.159213
0 0.715852 0.167095 0.061797 0.158032
0 0.826203 0.145382 0.019156 0.101412
0 0.687078 0.272025 0.078531 0.096181
0 0.606594 0.108796 0.026438 0.073472
0 0.637250 0.113738 0.023125 0.070255
0 0.694508 0.098542 0.017766 0.051713
0 0.474109 0.105822 0.021937 0.081690
2 0.564328 0.253785 0.180750 0.111134
0 0.698438 0.109954 0.515625 0.145833