2 0.641117 0.557552 0.151453 0.357016
0 0.397852 0.527203 0.166109 0.749883
0 0.640047 0.479545 0.140937 0.451678
0 0.599109 0.333520 0.025094 0.076177
0 0.500977 0.332541 0.010141 0.067040
0 0.332867 0.317879 0.034453 0.093800
0 0.961648 0.330268 0.026547 0.049487
0 0.128375 0.305664 0.012125 0.046480
0 0.067703 0.313007 0.019813 0.044336
0 0.082461 0.312040 0.020172 0.062634
0 0.109375 0.307960 0.028344 0.049068
0 0.243195 0.298147 0.005078 0.023520
0 0.222992 0.299138 0.011828 0.036643
0 0.509375 0.346154 0.978125 0.142191