0 0.566383 0.735956 0.108453 0.528089
0 0.649758 0.403683 0.035641 0.135338
0 0.228039 0.806014 0.139984 0.387972
0 0.292992 0.638508 0.075422 0.298834
0 0.728187 0.765921 0.148406 0.464242
0 0.639383 0.650128 0.057984 0.298904
2 0.785953 0.374312 0.049656 0.088112
1 0.143352 0.336119 0.081609 0.085291
1 0.123117 0.295478 0.067078 0.091515
1 0.146797 0.260629 0.058656 0.072914
1 0.103039 0.236445 0.055172 0.100256
1 0.132312 0.200921 0.049312 0.054429
0 0.640609 0.456515 0.039188 0.098858
0 0.381852 0.797751 0.131047 0.404499
0 0.194922 0.653613 0.073813 0.153240
0 0.111531 0.748135 0.095844 0.490163
0 0.054359 0.785140 0.108719 0.429720
0 0.917992 0.727541 0.164016 0.542401
1 0.123070 0.057529 0.041328 0.058228
1 0.289227 0.384580 0.099422 0.145245
1 0.581531 0.107960 0.108000 0.069487
1 0.120000 0.121981 0.065906 0.064522
1 0.227242 0.064172 0.098172 0.060420
1 0.719211 0.103531 0.088328 0.056480
0 0.387508 0.553065 0.054109 0.257506
1 0.322703 0.325793 0.070000 0.061422
0 0.507031 0.608392 0.982812 0.708625