3 0.508617 0.655542 0.060203 0.096958
3 0.551258 0.653219 0.025391 0.092688
2 0.552414 0.654844 0.498391 0.458062
1 0.172211 0.509875 0.154516 0.085833
1 0.069242 0.509635 0.122109 0.074729
1 0.024633 0.504719 0.045578 0.054854
0 0.554094 0.522688 0.233750 0.811667
0 0.277078 0.499969 0.030375 0.100812
1 0.337492 0.488667 0.071078 0.028333
1 0.395609 0.516917 0.041625 0.091000
4 0.814461 0.364719 0.067703 0.078979
1 0.246203 0.502240 0.043406 0.046104
1 0.292438 0.490437 0.020688 0.025083
1 0.499242 0.488917 0.048953 0.041375
4 0.914641 0.350927 0.063656 0.079229