3 0.522984 0.787078 0.100559 0.269656
3 0.364802 0.778969 0.099627 0.259781
3 0.157646 0.635336 0.025268 0.042609
3 0.721690 0.413336 0.028695 0.085172
3 0.628823 0.420781 0.036713 0.073781
3 0.567296 0.423281 0.037249 0.077812
3 0.530618 0.425070 0.030466 0.074266
3 0.349219 0.437289 0.030186 0.073109
3 0.269872 0.444914 0.026737 0.068047
3 0.437051 0.426805 0.026783 0.074172
3 0.492040 0.426813 0.028555 0.074719
3 0.699009 0.412500 0.028042 0.083437
3 0.809592 0.403828 0.053869 0.092594
0 0.324487 0.656008 0.263147 0.310328
0 0.886713 0.640453 0.224615 0.373031
3 0.846492 0.401641 0.043380 0.092531
0 0.053508 0.656055 0.100350 0.311672
3 0.462704 0.476562 0.925408 0.484375