2 0.126812 0.604552 0.014656 0.064562
2 0.948687 0.696802 0.077750 0.187271
2 0.075023 0.606604 0.012078 0.057667
1 0.771773 0.713979 0.327422 0.296792
1 0.659141 0.585896 0.204312 0.154417
0 0.519102 0.715729 0.178641 0.492125
0 0.124398 0.574396 0.039453 0.110458
0 0.264164 0.631469 0.070891 0.226979
0 0.317672 0.643854 0.077094 0.265333
0 0.392070 0.607042 0.082891 0.205583
0 0.429273 0.679479 0.103922 0.367333
0 0.917961 0.518792 0.076797 0.170417
0 0.790383 0.520323 0.046297 0.108979
0 0.861289 0.520969 0.043359 0.122063
0 0.957359 0.540781 0.055531 0.112688
0 0.358586 0.546250 0.032328 0.065417
1 0.043750 0.522448 0.029187 0.031479
1 0.144617 0.521302 0.037734 0.028187
1 0.575422 0.510969 0.237562 0.111604
1 0.414383 0.547854 0.032922 0.047208
1 0.014039 0.532073 0.021078 0.031438
0 0.718633 0.497531 0.015578 0.024687
0 0.251117 0.613833 0.042797 0.190417
1 0.098391 0.522000 0.024625 0.024417
1 0.115398 0.518177 0.020141 0.012646
0 0.499219 0.555208 0.948438 0.264583