0 0.260094 0.292879 0.263469 0.582017
0 0.902219 0.374792 0.190812 0.421975
6 0.371547 0.790894 0.082594 0.114636
6 0.164055 0.727911 0.081359 0.099023
6 0.206266 0.702401 0.058937 0.103015
6 0.730055 0.836185 0.087016 0.113534
6 0.816469 0.849439 0.097281 0.101164
6 0.821969 0.790728 0.087406 0.070936
6 0.287664 0.794033 0.086328 0.109647
6 0.532836 0.859719 0.094234 0.110125
6 0.656227 0.723503 0.070578 0.072453
6 0.089484 0.718680 0.077312 0.115322
6 0.609375 0.777848 0.073250 0.049418
6 0.617789 0.689428 0.063328 0.072661
6 0.615555 0.861143 0.090703 0.123451
6 0.524219 0.709979 0.598437 0.367983