3 0.634610 0.580400 0.042420 0.164800
4 0.922620 0.877587 0.154760 0.244827
0 0.264610 0.779773 0.353940 0.418000
0 0.542440 0.435280 0.198040 0.336053
0 0.897250 0.669227 0.205500 0.635147
6 0.563820 0.794000 0.041760 0.069227
6 0.629040 0.745827 0.043360 0.096027
6 0.335000 0.617613 0.034360 0.100667
6 0.534520 0.800000 0.051120 0.133600
6 0.323470 0.728493 0.042300 0.055067
0 0.235440 0.450733 0.164440 0.346053
6 0.710480 0.710253 0.048440 0.049680
4 0.313670 0.567933 0.037380 0.052827
4 0.457880 0.561627 0.024720 0.028160
6 0.694230 0.621613 0.034540 0.039600