0 0.580867 0.374542 0.280859 0.452167
0 0.205992 0.609010 0.405266 0.683854
6 0.813742 0.278937 0.026234 0.049708
4 0.150172 0.504708 0.143250 0.405167
4 0.734945 0.448990 0.166891 0.310354
4 0.780734 0.254135 0.075563 0.101729
4 0.732367 0.255229 0.044547 0.098583
4 0.078016 0.333552 0.145969 0.134229
4 0.669664 0.307771 0.072672 0.203750
4 0.826719 0.243594 0.051781 0.103938
4 0.890781 0.242792 0.062062 0.096792
4 0.952648 0.291115 0.093172 0.051021
3 0.858211 0.148250 0.009859 0.028250
3 0.864906 0.180302 0.009219 0.021646
3 0.438805 0.152583 0.009328 0.045208
3 0.874320 0.147271 0.007547 0.033125
4 0.056813 0.263937 0.092219 0.075167
4 0.061148 0.219656 0.066016 0.040271
3 0.430125 0.153490 0.009312 0.040896
3 0.496102 0.152594 0.008359 0.029104
3 0.853734 0.147562 0.008031 0.031167
3 0.416586 0.162958 0.006078 0.015875
3 0.449547 0.166500 0.006188 0.011333
3 0.333141 0.161490 0.019813 0.048771
3 0.853211 0.070792 0.005359 0.031333
3 0.883008 0.107469 0.004141 0.033396
4 0.903008 0.480375 0.193953 0.313792
4 0.540625 0.268750 0.915625 0.112500
3 0.718750 0.126042 0.493750 0.156250