6 0.359984 0.860354 0.077594 0.172875
6 0.513414 0.538219 0.043859 0.119063
6 0.551836 0.442562 0.038078 0.089500
6 0.412820 0.295875 0.024234 0.053083
6 0.551562 0.320760 0.028687 0.068312
6 0.539266 0.242188 0.020719 0.047917
6 0.410109 0.419885 0.039125 0.094437
6 0.483047 0.456729 0.081406 0.184500
0 0.339609 0.367417 0.180344 0.289875
3 0.298523 0.715323 0.075172 0.261437
0 0.775281 0.499313 0.276406 0.447208
0 0.706633 0.300417 0.149703 0.204833
0 0.627117 0.193458 0.159016 0.217833
0 0.881930 0.256625 0.084703 0.225875
0 0.241852 0.587646 0.389328 0.573042
0 0.361883 0.151990 0.133359 0.303104
0 0.100695 0.200146 0.087859 0.296292
0 0.671508 0.255646 0.084953 0.198417
0 0.774070 0.724688 0.451859 0.550625
0 0.927047 0.313333 0.145906 0.347042
0 0.171055 0.121740 0.071828 0.181021
3 0.561867 0.241729 0.025828 0.080708
3 0.470055 0.169458 0.014547 0.055750
3 0.526023 0.187229 0.018078 0.077708
6 0.387383 0.607750 0.048891 0.083750
6 0.498047 0.757823 0.144531 0.283854
0 0.135664 0.134292 0.087422 0.218042
0 0.499219 0.471875 0.998437 0.864583