0 0.388742 0.645000 0.106391 0.293750
0 0.317070 0.669052 0.071672 0.413396
0 0.959461 0.634010 0.043922 0.211729
0 0.567156 0.678396 0.108156 0.390750
0 0.507023 0.574365 0.057141 0.143604
0 0.834898 0.601448 0.028359 0.110812
0 0.821445 0.644333 0.129078 0.154000
0 0.745633 0.638198 0.055297 0.205687
0 0.701594 0.584406 0.032281 0.099937
2 0.404891 0.790146 0.156281 0.264375
2 0.070844 0.784583 0.119500 0.162833
2 0.278828 0.799031 0.085656 0.179229
2 0.786133 0.679177 0.056828 0.119063
2 0.666477 0.688115 0.099453 0.127271
2 0.178805 0.667615 0.030703 0.077813
2 0.143477 0.671292 0.052922 0.072083
2 0.462789 0.671854 0.053547 0.115375
2 0.935625 0.680104 0.033656 0.112917
2 0.982969 0.651979 0.034062 0.103333
0 0.079281 0.648469 0.106625 0.408687
0 0.674516 0.638240 0.050281 0.194437
0 0.862133 0.605198 0.033484 0.090354
2 0.567328 0.743365 0.249469 0.214688
0 0.150789 0.632292 0.036078 0.156333
2 0.355852 0.543958 0.021172 0.039167
2 0.813547 0.676781 0.037281 0.099896
2 0.468750 0.703125 0.934375 0.193750
0 0.499219 0.606250 0.998437 0.195833