3 0.445135 0.673570 0.047646 0.120172
3 0.496490 0.676391 0.048521 0.117844
3 0.608573 0.687383 0.048813 0.127297
3 0.682031 0.694078 0.047896 0.142781
3 0.398062 0.369867 0.028833 0.093703
3 0.560021 0.372383 0.027500 0.080984
3 0.527562 0.373344 0.036208 0.083969
3 0.432135 0.376977 0.030687 0.080859
3 0.520083 0.713562 0.074417 0.099125
3 0.367615 0.372570 0.028354 0.094016
3 0.497979 0.374859 0.031500 0.082906
3 0.685917 0.372508 0.021500 0.075516
4 0.905104 0.564922 0.033042 0.032375
3 0.652927 0.353023 0.021104 0.043797
3 0.604167 0.526563 0.329167 0.421875