0 0.476703 0.547937 0.017781 0.027208
0 0.514773 0.539708 0.018609 0.024292
1 0.525258 0.624437 0.168828 0.156875
0 0.231609 0.549500 0.037000 0.034833
1 0.392789 0.598562 0.139828 0.097958
1 0.308375 0.584927 0.098875 0.074479
1 0.980672 0.577354 0.038656 0.088250
1 0.676805 0.608417 0.161828 0.136625
1 0.924969 0.812010 0.150062 0.375979
1 0.893656 0.548646 0.022187 0.038000
1 0.141875 0.621302 0.283750 0.118854
1 0.917492 0.862021 0.165016 0.275958
1 0.919500 0.563156 0.052094 0.067521
0 0.624875 0.538865 0.012375 0.017771