3 0.369330 0.160368 0.116634 0.287271
3 0.140940 0.163529 0.111846 0.290817
3 0.240776 0.165907 0.115180 0.298088
3 0.059093 0.162026 0.080539 0.285458
6 0.735972 0.695727 0.023578 0.037631
6 0.781291 0.713056 0.033529 0.036046
3 0.776046 0.447688 0.011797 0.031618
6 0.707802 0.689608 0.028252 0.043824
6 0.457533 0.176708 0.065752 0.227402
6 0.797631 0.680351 0.021471 0.027141
6 0.768423 0.685335 0.029003 0.031324
6 0.814632 0.680613 0.011258 0.026748
3 0.416275 0.059322 0.042647 0.080114
6 0.810008 0.721381 0.027663 0.029788