3 0.570367 0.958035 0.061047 0.083930
3 0.291945 0.864472 0.052672 0.185484
3 0.179898 0.796921 0.057297 0.161290
6 0.259000 0.772537 0.047781 0.130645
1 0.888531 0.143548 0.222938 0.278651
0 0.640570 0.539326 0.431047 0.894370
0 0.326398 0.568695 0.357234 0.569296
0 0.164531 0.461056 0.185000 0.421584
0 0.113469 0.401408 0.144656 0.415425
0 0.463961 0.317991 0.142484 0.496628
3 0.059070 0.658886 0.037078 0.129736
0 0.875437 0.329897 0.121687 0.380616
0 0.367578 0.143827 0.134094 0.283138
0 0.847227 0.617977 0.305547 0.741584
6 0.025531 0.584062 0.038469 0.075924
6 0.013781 0.546716 0.027563 0.076188