1 0.279660 0.196695 0.164988 0.111922
0 0.536745 0.487617 0.465855 0.671172
0 0.232400 0.530344 0.390703 0.701125
0 0.824965 0.542828 0.288056 0.690719
0 0.131417 0.381336 0.156838 0.268266
0 0.661347 0.202156 0.076885 0.133219
0 0.378560 0.185172 0.123068 0.137000
0 0.619707 0.152211 0.040960 0.042234
1 0.249098 0.141266 0.121429 0.067312
1 0.355211 0.132250 0.046534 0.020688
0 0.554813 0.147602 0.073513 0.043953
0 0.513255 0.137414 0.038361 0.033203
0 0.457436 0.156680 0.059415 0.061266
0 0.685796 0.154641 0.035105 0.067687
0 0.474789 0.133555 0.027283 0.036672
1 0.690187 0.145516 0.122904 0.085187
1 0.771756 0.136305 0.019157 0.023141
1 0.411159 0.136461 0.044895 0.030922