0 0.553641 0.604925 0.074438 0.506717
0 0.692172 0.387771 0.059250 0.069398
0 0.139344 0.559533 0.036000 0.092018
0 0.463570 0.388268 0.868078 0.435512
1 0.118906 0.748313 0.214500 0.274157
1 0.094648 0.351220 0.041078 0.071114
1 0.080609 0.316401 0.035781 0.059187
0 0.018094 0.307967 0.014531 0.045633
0 0.524047 0.368660 0.028469 0.112922
0 0.012727 0.387364 0.015609 0.071295
1 0.231703 0.594443 0.075844 0.106054
1 0.174758 0.283434 0.039828 0.052831
1 0.275359 0.317244 0.039594 0.058946
1 0.220430 0.271250 0.034016 0.048343
1 0.101016 0.270196 0.034594 0.050030
1 0.016539 0.249413 0.027484 0.043283
1 0.340906 0.295813 0.026812 0.059759
1 0.301039 0.278133 0.030453 0.062590
1 0.140367 0.278178 0.017922 0.051777
0 0.485578 0.379232 0.024656 0.090452
0 0.123984 0.672410 0.024281 0.045783
1 0.276031 0.266657 0.019938 0.038434