3 0.738055 0.288062 0.020203 0.061333
3 0.711398 0.280208 0.016891 0.072875
3 0.695602 0.280583 0.016203 0.078625
3 0.665922 0.281906 0.017281 0.081021
3 0.679672 0.280812 0.017594 0.082125
3 0.648039 0.269771 0.021391 0.106417
2 0.787578 0.459125 0.278313 0.420000
2 0.131688 0.154448 0.077875 0.080854
0 0.366797 0.062687 0.034156 0.056625
0 0.380727 0.065479 0.018797 0.059875
0 0.203961 0.115375 0.052203 0.068625
2 0.503531 0.128677 0.060781 0.124354
2 0.634172 0.161094 0.048750 0.112354
3 0.628914 0.292125 0.032109 0.067417
3 0.599695 0.292781 0.034109 0.070104
3 0.790656 0.424844 0.038750 0.058063
0 0.019250 0.103333 0.032500 0.102292
3 0.738227 0.311167 0.020078 0.021625