2 0.985023 0.369239 0.029953 0.059415
2 0.042219 0.250785 0.036750 0.038806
2 0.730695 0.258817 0.031047 0.030281
2 0.772953 0.255831 0.014406 0.036347
0 0.441195 0.292728 0.015391 0.041475
0 0.541187 0.436651 0.149281 0.301499
0 0.917945 0.510293 0.134328 0.362412
0 0.358328 0.483150 0.146937 0.328080
0 0.177031 0.475035 0.128312 0.363372
0 0.686000 0.521522 0.145531 0.319859
0 0.217258 0.233489 0.015047 0.048150
0 0.775594 0.320082 0.042594 0.082459
0 0.402266 0.273501 0.015719 0.073326
0 0.427563 0.279789 0.019469 0.076159
0 0.940898 0.323080 0.024172 0.085925
0 0.890914 0.310773 0.017297 0.095316
2 0.775867 0.350902 0.073422 0.083021
2 0.626484 0.343607 0.050938 0.075691
2 0.071430 0.255445 0.035516 0.022365
0 0.813953 0.284965 0.020313 0.068009
0 0.444531 0.295082 0.820312 0.192037