2 0.753100 0.417240 0.079240 0.063387
2 0.616380 0.490933 0.078000 0.068693
2 0.808670 0.384360 0.069540 0.059120
1 0.076940 0.449640 0.152560 0.111493
1 0.482700 0.337373 0.125120 0.081093
1 0.752170 0.256133 0.044660 0.061653
0 0.749830 0.673107 0.048620 0.145627
0 0.522340 0.668387 0.049960 0.143760
0 0.175720 0.340013 0.019240 0.067867
0 0.637840 0.568640 0.038720 0.045813
0 0.884060 0.617547 0.042760 0.117333
0 0.854500 0.878653 0.037080 0.220240
0 0.503240 0.951000 0.074440 0.098000
0 0.658170 0.796693 0.074860 0.138080
0 0.120600 0.351840 0.017800 0.083040
0 0.455590 0.884947 0.061300 0.206480
0 0.302440 0.869347 0.073400 0.160133
0 0.772180 0.575827 0.036760 0.110640
2 0.914500 0.492360 0.025400 0.069467
2 0.834840 0.380707 0.050440 0.060507
1 0.909420 0.289440 0.032840 0.047627
1 0.605110 0.268440 0.053900 0.038427
0 0.450120 0.706707 0.045720 0.064720
0 0.347000 0.502667 0.686000 0.584000