2 0.451062 0.714653 0.036031 0.141583
0 0.367836 0.680889 0.060672 0.269667
0 0.439477 0.597222 0.056641 0.242111
0 0.306023 0.586125 0.049328 0.251139
0 0.637563 0.968819 0.030250 0.062361
0 0.471492 0.653931 0.055609 0.242694
0 0.532219 0.773681 0.070312 0.241306
0 0.617227 0.833972 0.059422 0.309111
0 0.772414 0.855819 0.075828 0.288361
0 0.331297 0.266014 0.026969 0.055750
0 0.570656 0.360639 0.038031 0.155000
0 0.301461 0.281625 0.016047 0.051694
0 0.262984 0.602597 0.070125 0.244139
0 0.417445 0.813972 0.057984 0.172556
0 0.496875 0.575000 0.993750 0.844444