1 0.183094 0.412869 0.029469 0.042037
0 0.547766 0.380726 0.046219 0.211897
0 0.647977 0.398478 0.048047 0.195316
2 0.154109 0.427084 0.017656 0.025176
2 0.253680 0.422658 0.006016 0.032810
0 0.573047 0.386581 0.028187 0.172272
0 0.436156 0.400831 0.026094 0.122272
0 0.249797 0.400749 0.023469 0.064778
1 0.208477 0.415246 0.021016 0.029368
1 0.408664 0.418817 0.048859 0.031077
0 0.117102 0.406593 0.011547 0.053513
0 0.133258 0.410141 0.009016 0.043372
0 0.236094 0.409836 0.015688 0.049368
0 0.108828 0.409555 0.010719 0.048806
0 0.067594 0.408162 0.014625 0.036511
2 0.065125 0.429192 0.041344 0.090937
0 0.515062 0.401358 0.016281 0.106464
0 0.150711 0.404028 0.015891 0.057986
0 0.164187 0.391956 0.013719 0.021288
1 0.202805 0.401499 0.016828 0.013443
0 0.389844 0.481265 0.642188 0.274005