2 0.591867 0.387604 0.059734 0.088000
2 0.707352 0.386333 0.056141 0.097750
2 0.672320 0.410010 0.088453 0.178437
2 0.741711 0.377615 0.061453 0.110604
2 0.836570 0.384781 0.065297 0.077854
2 0.816156 0.392427 0.076812 0.079896
2 0.809297 0.382417 0.048031 0.071500
2 0.773094 0.370760 0.054875 0.111604
2 0.606367 0.387740 0.062859 0.095438
2 0.760430 0.385708 0.052297 0.093042
2 0.787555 0.394854 0.056859 0.063708
2 0.640102 0.380615 0.069766 0.109104
2 0.319000 0.399656 0.094500 0.095771
2 0.552344 0.381250 0.532813 0.137500