0 0.704203 0.926080 0.014188 0.067568
0 0.844984 0.683216 0.009687 0.047341
0 0.847297 0.638364 0.007375 0.018091
0 0.864078 0.639114 0.005844 0.022909
0 0.846469 0.608818 0.006344 0.044182
0 0.729367 0.776489 0.015047 0.064023
1 0.900555 0.465034 0.034578 0.029205
1 0.879133 0.461716 0.026828 0.025068
1 0.873625 0.453955 0.020281 0.021636
0 0.688422 0.900216 0.015906 0.039250
0 0.854008 0.662250 0.008609 0.050682
0 0.669445 0.931591 0.016172 0.071727
0 0.841414 0.641500 0.007484 0.006545
0 0.840422 0.572318 0.008281 0.035818
1 0.859641 0.436841 0.023750 0.019182
1 0.840633 0.416852 0.025984 0.028341
1 0.815687 0.387477 0.017625 0.020455
1 0.790141 0.433284 0.017531 0.017568
1 0.823086 0.400034 0.018047 0.019568
0 0.616828 0.723716 0.012906 0.051977
0 0.604047 0.778920 0.012844 0.016250
0 0.432812 0.695455 0.862500 0.600000