1 0.051898 0.753229 0.103797 0.121750
1 0.120180 0.731844 0.088172 0.080312
1 0.550289 0.716052 0.099766 0.051854
1 0.666797 0.707833 0.134031 0.059375
1 0.462859 0.716958 0.076625 0.047458
0 0.883898 0.673677 0.042141 0.100563
0 0.837523 0.692000 0.024984 0.070125
1 0.328047 0.724656 0.135844 0.055396
0 0.694187 0.669813 0.015625 0.019875
2 0.959031 0.681198 0.013250 0.074604
1 0.110984 0.757802 0.039094 0.075813
1 0.391930 0.720115 0.026547 0.040813
1 0.048094 0.906240 0.096188 0.187521
1 0.010789 0.691031 0.021578 0.017604
0 0.579875 0.679302 0.017438 0.020688
0 0.584195 0.679250 0.010672 0.019708