3 0.852641 0.723052 0.053344 0.206896
3 0.916797 0.753490 0.064469 0.278271
3 0.893055 0.703083 0.031203 0.175708
3 0.883727 0.446500 0.028859 0.104958
6 0.783633 0.840812 0.047078 0.085208
6 0.119242 0.602354 0.031297 0.054792
6 0.112664 0.561813 0.023328 0.035125
6 0.859633 0.839531 0.043359 0.035188
6 0.862211 0.874906 0.047891 0.055063
6 0.973953 0.661521 0.052094 0.094833
3 0.875016 0.451510 0.014938 0.077604
3 0.111977 0.567312 0.024453 0.091542
6 0.817703 0.834115 0.037812 0.041146
6 0.972875 0.746729 0.054250 0.127708
6 0.852133 0.482677 0.022891 0.032479
6 0.820719 0.866615 0.044719 0.051479
4 0.156273 0.497427 0.074203 0.038521
4 0.494078 0.397083 0.036469 0.133875
4 0.524539 0.397448 0.069328 0.091354