1 0.213047 0.293611 0.181531 0.255444
1 0.945344 0.426583 0.109312 0.330889
0 0.745195 0.401333 0.081797 0.442333
0 0.665898 0.428722 0.099297 0.431833
0 0.434148 0.272556 0.128359 0.284111
0 0.849922 0.340625 0.029750 0.197250
0 0.802383 0.308236 0.022297 0.162250
0 0.903180 0.341403 0.026141 0.197472
0 0.933031 0.286000 0.012125 0.045056
0 0.869617 0.342014 0.032797 0.186194
0 0.101875 0.292625 0.030469 0.132917
0 0.494469 0.242319 0.023156 0.101528
0 0.832391 0.267333 0.019625 0.083611
0 0.778016 0.306611 0.021406 0.158944