3 0.523078 0.488694 0.087844 0.210376
4 0.752852 0.761353 0.303234 0.475929
4 0.205063 0.802047 0.307000 0.395906
4 0.934437 0.549435 0.118844 0.463106
0 0.244312 0.576800 0.419063 0.831812
0 0.314086 0.291671 0.194422 0.317553
0 0.715547 0.591012 0.350687 0.723576
6 0.449180 0.488071 0.032828 0.065176
6 0.435594 0.409176 0.032406 0.096518
0 0.640844 0.308247 0.227500 0.306518
3 0.510242 0.451082 0.012016 0.090494
3 0.510891 0.390082 0.016531 0.044682
4 0.964094 0.713212 0.071813 0.366847
3 0.427641 0.455929 0.014625 0.060800
6 0.534695 0.476694 0.038484 0.069765