0 0.649781 0.559861 0.042406 0.165667
0 0.384625 0.574208 0.018875 0.032917
0 0.558852 0.691778 0.062734 0.247944
1 0.389820 0.677222 0.197641 0.176444
1 0.758719 0.624167 0.071594 0.131500
1 0.923453 0.873028 0.153094 0.249444
1 0.493672 0.627736 0.071750 0.082806
1 0.531000 0.619417 0.031219 0.073611
1 0.646328 0.557778 0.066156 0.017167
1 0.801195 0.594347 0.018109 0.039972
0 0.486594 0.578139 0.006500 0.016222
0 0.523523 0.517375 0.004297 0.009694
1 0.599938 0.680764 0.152094 0.149139
0 0.015688 0.642833 0.031375 0.103778