0 0.124156 0.428400 0.063094 0.209686
0 0.346523 0.619362 0.383516 0.560816
0 0.345742 0.418421 0.066703 0.168975
0 0.384914 0.341266 0.052453 0.098766
0 0.870234 0.669665 0.219875 0.624728
0 0.651211 0.525847 0.238328 0.633703
3 0.044352 0.595586 0.021359 0.110084
3 0.179875 0.521496 0.029094 0.100565
3 0.274664 0.616046 0.025734 0.086485
0 0.977492 0.494770 0.045016 0.138787
0 0.044188 0.415303 0.088375 0.306046
6 0.249453 0.585732 0.041531 0.034937
6 0.273500 0.629571 0.025969 0.053159
6 0.133883 0.568870 0.033109 0.023766
0 0.328484 0.353044 0.050469 0.092741