4 0.232000 0.697084 0.195969 0.444941
4 0.847258 0.706452 0.202297 0.427939
3 0.506250 0.961663 0.023250 0.074192
5 0.328117 0.535703 0.084078 0.091827
3 0.877320 0.271616 0.012797 0.044590
4 0.537375 0.730141 0.159906 0.223841
4 0.217492 0.944496 0.070891 0.102810
3 0.511945 0.898923 0.024328 0.039344
3 0.534227 0.871546 0.019891 0.022810
3 0.547758 0.961581 0.022203 0.026487
3 0.586867 0.923431 0.022984 0.032482
3 0.558164 0.890831 0.021391 0.044848
3 0.627875 0.979028 0.025375 0.039836
3 0.472742 0.945047 0.023359 0.105691
3 0.504008 0.875585 0.019734 0.031967
3 0.611242 0.946054 0.030172 0.071218
3 0.911547 0.420738 0.014625 0.059602
3 0.496070 0.950269 0.023484 0.099461
3 0.703906 0.619438 0.457813 0.756440