2 0.817398 0.262553 0.033172 0.048165
2 0.118625 0.292800 0.081625 0.073318
2 0.853344 0.268729 0.029094 0.036800
0 0.601383 0.612365 0.214891 0.775271
0 0.474102 0.589682 0.092547 0.542329
0 0.340984 0.571906 0.204437 0.833694
0 0.135648 0.226471 0.022703 0.083388
0 0.844289 0.230553 0.018141 0.042800
0 0.989195 0.272282 0.020922 0.104800
0 0.903734 0.232153 0.012750 0.035271
0 0.744070 0.242859 0.015297 0.069106
0 0.855750 0.234753 0.011906 0.057082
0 0.890062 0.254024 0.024313 0.079200
0 0.032234 0.264741 0.028313 0.112635
0 0.807328 0.241129 0.016594 0.056235
0 0.353125 0.242353 0.703125 0.112941