0 0.137953 0.582199 0.272750 0.382879
0 0.217070 0.299185 0.138703 0.151674
0 0.349070 0.233694 0.118922 0.125469
0 0.699523 0.085100 0.077516 0.123058
0 0.620563 0.088761 0.080219 0.114621
0 0.113789 0.310804 0.080734 0.163571
0 0.149211 0.239196 0.071234 0.127723
0 0.185609 0.366842 0.092281 0.117567
0 0.257016 0.402478 0.070156 0.084687
0 0.272258 0.367377 0.100984 0.141585
0 0.553211 0.470279 0.301578 0.598013
0 0.782102 0.081484 0.091609 0.118504
6 0.241414 0.260491 0.022172 0.041830
0 0.050336 0.388862 0.099641 0.226071
0 0.500000 0.338170 0.996875 0.676339