2 0.920031 0.797135 0.051687 0.060687
1 0.240922 0.791469 0.158875 0.102354
1 0.169703 0.784823 0.089844 0.096979
1 0.115156 0.779125 0.063062 0.083292
1 0.408031 0.770563 0.139719 0.119000
1 0.312883 0.760542 0.072203 0.029042
0 0.552156 0.777323 0.044719 0.129854
0 0.364844 0.785635 0.050906 0.107063
0 0.802078 0.775844 0.021750 0.096771
0 0.508914 0.762313 0.014609 0.091583
0 0.420781 0.782917 0.043375 0.118458
0 0.623328 0.764969 0.025500 0.088229
0 0.973602 0.791063 0.044078 0.112833
0 0.462586 0.777740 0.039203 0.119396
0 0.488906 0.770302 0.020969 0.083354
1 0.023727 0.760865 0.046703 0.080729
0 0.633617 0.745458 0.015609 0.067708
0 0.721766 0.783875 0.032250 0.121625
0 0.065914 0.804479 0.055828 0.166500