0 0.593297 0.787550 0.033250 0.079462
0 0.382289 0.738782 0.020828 0.077677
0 0.805945 0.803442 0.028078 0.048357
0 0.441461 0.789844 0.024203 0.129943
0 0.283617 0.790921 0.027203 0.071756
0 0.235406 0.769377 0.024406 0.087989
0 0.102094 0.778300 0.023250 0.117564
0 0.458898 0.453796 0.024859 0.056147
0 0.185727 0.492479 0.029609 0.048584
0 0.511500 0.824221 0.032906 0.096034
0 0.533336 0.835892 0.037422 0.111161
0 0.860031 0.834391 0.036719 0.154164
0 0.405555 0.461516 0.023297 0.054193
4 0.585078 0.841062 0.024688 0.031133
0 0.500000 0.672805 0.959375 0.456091