3 0.434805 0.590510 0.020203 0.096979
4 0.182430 0.589646 0.150359 0.093125
4 0.053844 0.643396 0.107688 0.128167
4 0.106297 0.530427 0.059094 0.071188
4 0.112328 0.964781 0.221375 0.070187
0 0.705570 0.589104 0.124234 0.434417
0 0.572719 0.588073 0.125531 0.385354
0 0.414008 0.496771 0.044516 0.118083
0 0.355523 0.524865 0.042609 0.072396
3 0.927477 0.534115 0.008891 0.026812
6 0.966430 0.280917 0.014891 0.043667
0 0.641242 0.573135 0.044672 0.331354
6 0.947805 0.291302 0.012766 0.031187
6 0.995695 0.278219 0.008609 0.028687
6 0.945023 0.268573 0.016984 0.016771
4 0.170477 0.878062 0.124547 0.113042
4 0.282906 0.575844 0.028906 0.037188
3 0.415148 0.605354 0.020047 0.066833