3 0.735437 0.837272 0.028656 0.144473
3 0.948047 0.843396 0.027156 0.133068
3 0.262391 0.850328 0.030500 0.135222
3 0.284445 0.821885 0.025828 0.124286
3 0.237547 0.648806 0.015719 0.048712
3 0.291469 0.648852 0.017344 0.046745
3 0.620922 0.648126 0.018875 0.053817
3 0.742398 0.647681 0.017422 0.050585
3 0.811469 0.652459 0.022750 0.038642
3 0.684711 0.566932 0.015547 0.019578
1 0.159484 0.432471 0.039062 0.031265
0 0.525500 0.632588 0.124438 0.334824
0 0.413531 0.596522 0.126063 0.304379
0 0.481594 0.480012 0.053312 0.249297
0 0.449531 0.498841 0.062000 0.249110
0 0.566953 0.399133 0.035313 0.098735
0 0.403711 0.420316 0.056109 0.138103
0 0.531703 0.402728 0.053875 0.081475
3 0.806008 0.851007 0.029141 0.130258
3 0.854242 0.847728 0.028547 0.132834
0 0.508687 0.384239 0.025156 0.074145
0 0.549789 0.397400 0.018172 0.053068
0 0.546875 0.485890 0.081437 0.116183
1 0.237867 0.460164 0.027016 0.035129