4 0.775109 0.801545 0.147281 0.369741
4 0.168219 0.474599 0.049406 0.041557
4 0.340062 0.464245 0.078125 0.111604
4 0.834531 0.592264 0.086813 0.150189
4 0.463992 0.461686 0.043078 0.103137
0 0.411406 0.471509 0.135563 0.215943
0 0.180883 0.517972 0.358797 0.964057
0 0.236266 0.441804 0.131656 0.171297
0 0.513547 0.460778 0.096281 0.180330
0 0.585023 0.383149 0.092016 0.247476
0 0.447367 0.339328 0.084859 0.242712
0 0.701891 0.446887 0.083156 0.158113
0 0.909406 0.511226 0.181188 0.950566
0 0.712414 0.636981 0.232922 0.511415
6 0.667695 0.574340 0.020016 0.055755
6 0.693641 0.540401 0.019219 0.052075
6 0.666914 0.527300 0.023734 0.023561
4 0.865898 0.779399 0.099266 0.236863
6 0.446258 0.555884 0.011359 0.029363