3 0.556750 0.613304 0.041063 0.208884
3 0.649203 0.591937 0.025469 0.195777
3 0.586352 0.604234 0.032109 0.191838
3 0.638883 0.571335 0.009578 0.110678
0 0.208602 0.579781 0.413984 0.521357
0 0.377734 0.523304 0.204500 0.342013
0 0.526008 0.509190 0.176828 0.258906
0 0.533289 0.402845 0.090328 0.193435
0 0.610570 0.482604 0.092516 0.176061
0 0.685297 0.498982 0.125750 0.232713
0 0.885336 0.637385 0.226766 0.677921
0 0.810148 0.520350 0.146234 0.314136
0 0.661375 0.444081 0.033937 0.060766
3 0.019094 0.280886 0.018375 0.075164
3 0.135453 0.397298 0.013031 0.056083
3 0.123125 0.396980 0.014125 0.062188
3 0.063859 0.285810 0.016156 0.077396
3 0.096445 0.296291 0.011984 0.068731
6 0.340086 0.807757 0.052922 0.188512
6 0.373391 0.708501 0.065125 0.139278
4 0.664000 0.561083 0.098625 0.105842
0 0.906453 0.295109 0.051812 0.038796
3 0.146062 0.396466 0.014375 0.055252
0 0.734578 0.452035 0.037437 0.045383
6 0.480438 0.668545 0.031594 0.107943
6 0.716352 0.589289 0.021016 0.063392
4 0.020227 0.699869 0.040453 0.129234