1 0.983187 0.458859 0.033625 0.315694
0 0.668539 0.327118 0.119391 0.406753
0 0.899094 0.295506 0.067156 0.357318
0 0.495242 0.161553 0.052234 0.141176
0 0.387727 0.164024 0.040797 0.146306
0 0.287672 0.180741 0.075125 0.057906
0 0.044766 0.280224 0.083562 0.305624
0 0.939211 0.124729 0.033109 0.080565
0 0.912133 0.110188 0.040984 0.047153
0 0.327883 0.182953 0.046109 0.089247
0 0.364781 0.186906 0.036375 0.071412
0 0.050281 0.175776 0.074687 0.111082
0 0.971844 0.142847 0.056312 0.124659
0 0.420820 0.165988 0.049453 0.162659