2 0.035109 0.426635 0.039469 0.041813
1 0.320086 0.415125 0.087078 0.048167
1 0.167328 0.417781 0.101875 0.046687
1 0.908938 0.441896 0.080531 0.089292
1 0.742875 0.415333 0.040344 0.051833
1 0.591789 0.412625 0.015641 0.015750
1 0.864305 0.439365 0.054672 0.065854
1 0.831156 0.423385 0.068937 0.071229
0 0.035383 0.409281 0.022984 0.054271
0 0.172430 0.384052 0.008703 0.016188
1 0.549320 0.414302 0.015078 0.020438
1 0.388508 0.415344 0.035672 0.019521
1 0.559359 0.409167 0.019094 0.023917
1 0.767469 0.425000 0.019750 0.040417
1 0.656250 0.411458 0.315625 0.081250