2 0.452990 0.804984 0.236100 0.268156
2 0.659690 0.753969 0.220700 0.203250
2 0.071820 0.721812 0.094360 0.163062
2 0.534510 0.753109 0.087140 0.173594
2 0.366600 0.690734 0.043840 0.124781
0 0.441820 0.695469 0.116800 0.373125
0 0.495460 0.601797 0.084680 0.148406
0 0.713170 0.631469 0.100380 0.207625
0 0.639220 0.677891 0.086440 0.314969
0 0.947280 0.648313 0.105440 0.258437
0 0.286170 0.598188 0.033220 0.088375
0 0.834960 0.634250 0.051600 0.183938
0 0.934470 0.572125 0.043820 0.085375
0 0.673060 0.588266 0.028800 0.080219
0 0.336360 0.631453 0.067320 0.245969
0 0.084210 0.583125 0.033860 0.052500
2 0.183640 0.685875 0.071040 0.144750
2 0.323100 0.733297 0.056800 0.073844
0 0.115720 0.617203 0.031000 0.120469
0 0.260490 0.653250 0.080620 0.232625
0 0.182000 0.629687 0.072000 0.184375