0 0.211789 0.429895 0.065266 0.304192
0 0.307281 0.369461 0.019156 0.104778
0 0.284813 0.341382 0.018563 0.051710
0 0.273367 0.307166 0.014484 0.020703
0 0.251953 0.362073 0.025969 0.106721
0 0.239445 0.341768 0.015359 0.061803
0 0.236656 0.307073 0.008094 0.016393
2 0.272977 0.387307 0.022703 0.058876
1 0.673180 0.449438 0.224891 0.161780
1 0.966219 0.482564 0.067562 0.119368
1 0.091156 0.353513 0.086969 0.080656
1 0.168250 0.359286 0.074750 0.110515
1 0.356414 0.385222 0.071078 0.084871
1 0.329992 0.370375 0.029328 0.065902
0 0.568867 0.522377 0.079516 0.419368
0 0.637734 0.411124 0.029031 0.023138
1 0.375289 0.327295 0.068328 0.034824
1 0.427453 0.382061 0.114125 0.105480
1 0.052992 0.326932 0.049516 0.067681
1 0.233125 0.363548 0.016250 0.062881
1 0.479312 0.332799 0.021094 0.034965
1 0.291992 0.384660 0.019359 0.059859