3 0.923016 0.658311 0.101656 0.546463
0 0.205320 0.586338 0.407516 0.803605
0 0.388539 0.634989 0.284672 0.730023
0 0.857070 0.469671 0.227609 0.507868
6 0.736469 0.787256 0.096344 0.214512
6 0.663422 0.587324 0.048406 0.100272
3 0.959914 0.794807 0.080172 0.405669
6 0.549172 0.598889 0.053656 0.106848
6 0.579937 0.588039 0.042469 0.089002
4 0.453883 0.520057 0.065422 0.156621
4 0.042461 0.576077 0.084922 0.239410
4 0.678563 0.465884 0.042094 0.051361
4 0.983195 0.513118 0.033609 0.177075
0 0.552805 0.435782 0.189266 0.317324