2 0.097318 0.417898 0.104141 0.083984
1 0.847059 0.413797 0.298588 0.140094
1 0.688294 0.352039 0.161576 0.062578
0 0.448388 0.561805 0.287647 0.588766
0 0.720235 0.350992 0.047294 0.079703
0 0.572871 0.352234 0.041600 0.087094
0 0.807541 0.303930 0.016918 0.030891
0 0.598553 0.360328 0.030329 0.093125
0 0.150176 0.378547 0.082471 0.110531
0 0.860035 0.312539 0.021859 0.048641
0 0.899388 0.307555 0.016800 0.039766
0 0.786024 0.332891 0.036847 0.034281
0 0.831859 0.330523 0.019200 0.018734
0 0.357682 0.341461 0.045906 0.062391
0 0.521529 0.332680 0.038494 0.038578
0 0.791906 0.298000 0.020659 0.036594
0 0.560000 0.335156 0.734118 0.095312