0 0.793883 0.793255 0.178422 0.373021
0 0.565187 0.563173 0.036187 0.151686
0 0.718820 0.601429 0.100391 0.230398
0 0.271992 0.562482 0.032547 0.080468
0 0.850055 0.660574 0.053453 0.118806
0 0.981328 0.566569 0.030500 0.120398
0 0.431547 0.507728 0.026375 0.042904
0 0.409844 0.497810 0.017688 0.043349
0 0.643789 0.566323 0.036734 0.125855
0 0.213305 0.532658 0.043984 0.114028
2 0.313258 0.784040 0.217297 0.273138
2 0.974875 0.677857 0.050250 0.140726
2 0.311055 0.656686 0.173422 0.110890
2 0.397633 0.666405 0.095484 0.067705
0 0.949953 0.549543 0.034813 0.118993
2 0.176656 0.794578 0.290875 0.278337
2 0.424789 0.819098 0.093203 0.201335
2 0.978828 0.697108 0.042344 0.121944
2 0.926750 0.658607 0.106469 0.167377
2 0.641789 0.572201 0.057391 0.071710
2 0.802953 0.584415 0.058219 0.066534
2 0.363016 0.559965 0.037531 0.022787
0 0.221297 0.588033 0.057281 0.128290
0 0.295023 0.530433 0.019484 0.078899
2 0.328750 0.580597 0.063875 0.059087
2 0.818984 0.605386 0.073156 0.091756
0 0.437500 0.505855 0.337500 0.060890