3 0.484547 0.552324 0.047250 0.210751
4 0.431813 0.456749 0.091156 0.140869
4 0.096047 0.726056 0.192094 0.547887
0 0.193477 0.613087 0.268047 0.767582
0 0.525633 0.410059 0.205359 0.296221
0 0.799047 0.522512 0.320813 0.416667
0 0.416820 0.371631 0.148016 0.289225
0 0.084852 0.299836 0.167266 0.596526
0 0.520898 0.304566 0.042266 0.080681
6 0.429922 0.718662 0.061313 0.097371
6 0.529844 0.546467 0.033563 0.076972
3 0.470984 0.345939 0.012937 0.050423
0 0.456641 0.302324 0.056156 0.094695
6 0.576031 0.625305 0.039188 0.117746
6 0.401313 0.632852 0.038312 0.145892
6 0.406523 0.544953 0.038297 0.044742
6 0.591422 0.597101 0.031250 0.143779
6 0.453109 0.583533 0.027656 0.098709
6 0.344453 0.372582 0.021906 0.047512
4 0.187648 0.349085 0.024641 0.043944
4 0.909398 0.720775 0.152141 0.527277