0 0.841812 0.238747 0.307531 0.201663
0 0.647461 0.361850 0.182047 0.267400
0 0.405562 0.313103 0.145437 0.334824
0 0.819031 0.446194 0.309656 0.470843
0 0.935773 0.452705 0.128453 0.358103
5 0.852109 0.641909 0.240813 0.268033
5 0.514180 0.593115 0.136172 0.191335
5 0.647117 0.546206 0.164547 0.151194
5 0.408984 0.492412 0.094500 0.138314
5 0.483523 0.736393 0.184422 0.287635
5 0.446586 0.545855 0.053047 0.149087
5 0.529773 0.830187 0.216047 0.308290
5 0.422797 0.530234 0.054906 0.103185
5 0.910211 0.878618 0.173578 0.239672
0 0.325195 0.610585 0.318859 0.778829