2 0.369094 0.795063 0.091563 0.083687
1 0.259500 0.632258 0.427250 0.116141
1 0.957344 0.803227 0.085312 0.243016
0 0.188771 0.798875 0.263667 0.402250
0 0.232781 0.590602 0.140521 0.105828
0 0.614719 0.565977 0.025604 0.056016
0 0.703167 0.567141 0.028667 0.058562
0 0.748677 0.561797 0.015479 0.056781
0 0.133229 0.562937 0.017292 0.027625
0 0.157688 0.557977 0.015167 0.034297
2 0.028635 0.963945 0.057271 0.071734
0 0.507427 0.565047 0.019979 0.046781
0 0.047281 0.564430 0.020604 0.045547
0 0.055875 0.645312 0.048750 0.143687
0 0.726688 0.541312 0.016875 0.025750
0 0.448271 0.533898 0.013167 0.012391
0 0.081854 0.560438 0.020250 0.037687
0 0.175000 0.631250 0.350000 0.184375