3 0.090620 0.089058 0.016760 0.106492
3 0.112310 0.088298 0.036340 0.101099
3 0.178010 0.082186 0.022540 0.117723
3 0.127890 0.076270 0.023500 0.107094
3 0.154460 0.082487 0.029200 0.110105
3 0.209690 0.085497 0.021980 0.111152
3 0.441010 0.574071 0.035540 0.130340
3 0.366430 0.718521 0.086900 0.130916
3 0.070210 0.088128 0.022940 0.107408
3 0.044340 0.086832 0.032000 0.115131
3 0.024600 0.078573 0.031480 0.126361
0 0.184020 0.743010 0.364760 0.470942
0 0.317620 0.344581 0.212880 0.370785
0 0.881000 0.430183 0.192720 0.470733
0 0.862910 0.369411 0.238300 0.488927
0 0.536610 0.317186 0.180460 0.387199
3 0.763740 0.531086 0.050800 0.163586
6 0.731670 0.522984 0.052300 0.239634
3 0.194490 0.105707 0.011460 0.071204