3 0.257797 0.884895 0.050656 0.228806
3 0.223930 0.811967 0.042391 0.226417
3 0.201086 0.892600 0.050797 0.195550
3 0.157930 0.853677 0.049859 0.169274
3 0.104711 0.788489 0.042672 0.189953
6 0.635625 0.172623 0.029156 0.032787
6 0.701805 0.255972 0.030547 0.084122
0 0.732406 0.674157 0.532250 0.624707
0 0.858344 0.368981 0.205406 0.550562
0 0.730016 0.242155 0.173531 0.282529
0 0.625820 0.321417 0.139828 0.424239
0 0.506766 0.442693 0.146937 0.633724
0 0.429281 0.452752 0.086063 0.413653
0 0.309555 0.316440 0.150266 0.396393
0 0.319352 0.608981 0.296859 0.458431
3 0.511023 0.701967 0.038172 0.066370
3 0.597438 0.727845 0.034750 0.081827
0 0.185078 0.439977 0.137313 0.689040
0 0.063305 0.442799 0.126609 0.644473
0 0.949742 0.410363 0.100516 0.538665
0 0.113570 0.810363 0.227141 0.379274
3 0.629344 0.718794 0.036687 0.050656