3 0.623031 0.558802 0.021750 0.106479
3 0.156125 0.389844 0.012500 0.037104
4 0.738180 0.793917 0.145266 0.328833
6 0.649500 0.603802 0.024000 0.033813
6 0.526719 0.601802 0.030156 0.038396
6 0.599750 0.619385 0.023125 0.048229
4 0.384031 0.852240 0.201750 0.295521
4 0.460586 0.584396 0.046859 0.063250
4 0.351344 0.636719 0.065344 0.072146
4 0.684469 0.481323 0.016594 0.021104
3 0.018812 0.426115 0.016313 0.067521
6 0.071984 0.486656 0.029719 0.020562
4 0.738617 0.558260 0.057859 0.119896
4 0.626383 0.565240 0.073016 0.043937
4 0.741719 0.512375 0.025250 0.047125
4 0.609508 0.829875 0.130203 0.340250
6 0.068289 0.471458 0.026859 0.018208