2 0.646023 0.694552 0.039172 0.112271
0 0.329102 0.708781 0.104516 0.218437
0 0.485031 0.550990 0.056688 0.062729
0 0.508391 0.516958 0.043562 0.083250
0 0.850656 0.655958 0.133937 0.302958
0 0.760969 0.553427 0.077844 0.111521
0 0.700117 0.507969 0.031734 0.043479
0 0.856625 0.531927 0.035969 0.065021
0 0.985484 0.600354 0.026781 0.140792
0 0.672969 0.529677 0.032969 0.080979
0 0.692453 0.490896 0.010937 0.024125
0 0.630680 0.625250 0.095828 0.238125
0 0.848250 0.483937 0.013688 0.038833
0 0.176344 0.721073 0.039469 0.080146
4 0.288438 0.749188 0.035750 0.072083
0 0.675000 0.522917 0.440625 0.133333