2 0.334312 0.842031 0.224250 0.252934
2 0.325336 0.746408 0.069484 0.221690
2 0.271367 0.884554 0.254859 0.230892
0 0.549422 0.670434 0.089906 0.429742
0 0.702711 0.692535 0.080922 0.382488
0 0.464922 0.634941 0.078812 0.235798
0 0.376781 0.592124 0.037156 0.125892
0 0.318836 0.572676 0.019766 0.109859
0 0.299133 0.564249 0.020234 0.130469
0 0.341953 0.620634 0.037812 0.185728
0 0.331820 0.533944 0.012297 0.034038
0 0.273625 0.550070 0.034187 0.136056
0 0.410242 0.575575 0.020859 0.156080
0 0.213602 0.539284 0.024734 0.055282
2 0.313930 0.664742 0.082172 0.096948
0 0.365391 0.639953 0.083094 0.173474
0 0.388258 0.551103 0.028328 0.116291
0 0.280469 0.557512 0.192188 0.124413