1 0.649672 0.869115 0.127500 0.162297
1 0.907039 0.889701 0.096859 0.155048
1 0.854195 0.881328 0.055766 0.164043
1 0.238625 0.912285 0.140594 0.165861
1 0.783898 0.846734 0.084172 0.140742
1 0.855266 0.868397 0.118750 0.157177
1 0.211727 0.927931 0.092891 0.143086
1 0.327273 0.854486 0.055047 0.134952
1 0.722359 0.810921 0.044312 0.103660
1 0.655961 0.751029 0.064891 0.073732
1 0.967336 0.906495 0.064828 0.187010
1 0.576336 0.887273 0.772078 0.181005
0 0.627062 0.823864 0.018750 0.036675
1 0.105625 0.850060 0.211250 0.299880
1 0.492188 0.747608 0.509375 0.145933