3 0.204352 0.789716 0.072734 0.371185
3 0.243633 0.757595 0.047734 0.298697
3 0.063297 0.082382 0.022375 0.087085
3 0.598141 0.916291 0.059813 0.144716
0 0.712828 0.581114 0.323250 0.662512
6 0.737313 0.973531 0.052719 0.052938
6 0.789047 0.987464 0.055813 0.023128
6 0.015500 0.352749 0.026625 0.065166
6 0.374469 0.625936 0.025750 0.073578
6 0.019852 0.479171 0.027766 0.054739
6 0.067594 0.477761 0.018000 0.061398
3 0.025523 0.083400 0.020109 0.095427
3 0.015484 0.054822 0.014625 0.071445
3 0.039938 0.076422 0.018781 0.111280
3 0.007414 0.084135 0.014516 0.099076