1 0.193720 0.861821 0.094040 0.076246
0 0.619720 0.800630 0.107040 0.151569
0 0.458890 0.868992 0.147620 0.238207
0 0.303250 0.855056 0.198940 0.258403
0 0.107710 0.848725 0.018460 0.091289
2 0.954290 0.916218 0.027060 0.047675
0 0.131230 0.856218 0.024260 0.080728
0 0.068170 0.853936 0.019460 0.088768
0 0.222250 0.855294 0.039020 0.066106
0 0.733250 0.796625 0.417180 0.384286
2 0.981280 0.877591 0.037440 0.057647
1 0.407250 0.814594 0.030140 0.022073
1 0.392890 0.834440 0.029300 0.053697
0 0.948350 0.866681 0.030380 0.117787