3 0.540789 0.597037 0.037734 0.224098
3 0.498609 0.574742 0.045750 0.185129
3 0.470852 0.536838 0.013578 0.081780
3 0.522109 0.584461 0.027687 0.169157
3 0.457047 0.621511 0.046000 0.282974
0 0.128937 0.574157 0.257875 0.528080
0 0.276617 0.510117 0.214391 0.377518
0 0.373867 0.433056 0.108953 0.358806
0 0.726109 0.545457 0.160344 0.338220
0 0.726547 0.654286 0.542469 0.689180
4 0.737164 0.833630 0.113297 0.198689
6 0.411898 0.662717 0.050328 0.104403
6 0.562578 0.613009 0.011156 0.057073
4 0.962422 0.555000 0.075156 0.140117
4 0.030258 0.636218 0.060516 0.306159
4 0.176016 0.487330 0.037781 0.039251
4 0.496602 0.443829 0.019453 0.098197
4 0.785031 0.484742 0.061094 0.160539
3 0.492367 0.482810 0.015141 0.052272
6 0.536367 0.610808 0.040109 0.278337