3 0.539780 0.301800 0.021600 0.072613
3 0.695410 0.677387 0.010980 0.028693
3 0.678500 0.429920 0.038240 0.042720
3 0.641410 0.428667 0.045660 0.047253
3 0.487030 0.380680 0.045940 0.095867
3 0.707920 0.818000 0.030800 0.057387
3 0.660780 0.804387 0.042440 0.081200
3 0.657310 0.683027 0.015060 0.071867
3 0.636000 0.798267 0.020800 0.087147
3 0.685330 0.810053 0.015100 0.073067
3 0.711290 0.696627 0.017980 0.051813
3 0.522620 0.487267 0.018400 0.039120
3 0.717140 0.804747 0.013080 0.068747
3 0.591000 0.562667 0.290000 0.320000