2 0.300234 0.367857 0.180250 0.261991
2 0.131438 0.389930 0.234313 0.415410
2 0.053805 0.397494 0.101859 0.331194
1 0.248937 0.716674 0.483531 0.524731
1 0.584914 0.374660 0.107703 0.123326
1 0.655656 0.322178 0.056406 0.067119
1 0.575914 0.286651 0.036391 0.047963
0 0.759039 0.737986 0.209016 0.524028
0 0.606297 0.563489 0.156156 0.341733
0 0.605703 0.890738 0.189281 0.218431
0 0.419805 0.925843 0.221891 0.148314
0 0.582867 0.769696 0.081859 0.083091
0 0.709141 0.398501 0.046844 0.067400
0 0.747375 0.426300 0.076375 0.209227
0 0.705648 0.346792 0.030266 0.040328
0 0.658937 0.387787 0.095719 0.129438
0 0.702961 0.314965 0.029203 0.043044
0 0.648289 0.439883 0.082891 0.110492
0 0.734945 0.310176 0.036047 0.051874
2 0.060852 0.389485 0.099297 0.192927
0 0.762422 0.324461 0.019656 0.086393
0 0.741406 0.592506 0.320312 0.585480