2 0.100906 0.847043 0.029531 0.060144
2 0.466328 0.664399 0.014500 0.035048
2 0.233461 0.743125 0.021516 0.063558
1 0.505359 0.622055 0.049344 0.067236
1 0.515203 0.601875 0.039219 0.060337
1 0.539625 0.378786 0.009687 0.009784
1 0.807313 0.929976 0.088281 0.140048
1 0.320211 0.920264 0.106516 0.159471
1 0.123445 0.930120 0.114359 0.115769
0 0.516391 0.772752 0.029781 0.112909
0 0.450422 0.777007 0.036687 0.110409
0 0.399133 0.808546 0.024359 0.112476
0 0.376664 0.789700 0.025297 0.111803
0 0.310000 0.731322 0.022750 0.087500
0 0.367141 0.662187 0.012875 0.079712
0 0.402562 0.653065 0.011813 0.057668
0 0.427352 0.673245 0.017703 0.078846
0 0.401922 0.710974 0.026312 0.090601
0 0.456227 0.648534 0.018547 0.065913
1 0.361992 0.599579 0.041672 0.057668
1 0.843133 0.976695 0.111266 0.046611
1 0.325531 0.839135 0.101656 0.084615
1 0.580227 0.619387 0.041328 0.065649
0 0.632258 0.778245 0.036297 0.126731
0 0.560609 0.818149 0.019344 0.089327
2 0.618281 0.731094 0.345000 0.155120
2 0.239531 0.732957 0.019688 0.031106
2 0.268195 0.660120 0.018172 0.035769
1 0.325156 0.644183 0.057063 0.080481
0 0.676828 0.737500 0.027656 0.098846
1 0.686609 0.678161 0.056125 0.075505
1 0.528906 0.527644 0.317188 0.194712
0 0.515625 0.669471 0.928125 0.603365