1 0.839173 0.648422 0.064355 0.042000
1 0.778609 0.655156 0.095685 0.046344
2 0.575665 0.873758 0.116210 0.123578
0 0.380706 0.879734 0.131452 0.237719
0 0.461300 0.881398 0.082359 0.224766
0 0.860242 0.905398 0.094032 0.187609
0 0.701835 0.823391 0.098871 0.134594
0 0.647298 0.796562 0.088266 0.152250
0 0.543054 0.752922 0.061633 0.135250
0 0.381018 0.685930 0.035383 0.076016
0 0.242359 0.762109 0.061331 0.153531
0 0.285938 0.697586 0.042923 0.084672
0 0.090020 0.742164 0.046976 0.117484
1 0.949345 0.627742 0.033367 0.029641
0 0.905605 0.889109 0.082339 0.221781
0 0.183659 0.764289 0.072319 0.160047
0 0.046845 0.752977 0.061351 0.139641