0 0.330880 0.447976 0.519360 0.668158
0 0.704320 0.510310 0.406880 0.743191
3 0.044490 0.245814 0.021460 0.057452
3 0.093440 0.246938 0.069960 0.060942
3 0.156460 0.243126 0.068520 0.056574
3 0.218570 0.238437 0.073700 0.054989
3 0.139050 0.369465 0.084420 0.074176
3 0.072520 0.372216 0.064160 0.069315
3 0.680080 0.072334 0.060240 0.045525
3 0.641510 0.130835 0.038540 0.037516
3 0.658430 0.101681 0.050340 0.041734
4 0.963580 0.537066 0.066480 0.256488
3 0.619090 0.099454 0.033540 0.038394
3 0.202570 0.349347 0.065500 0.033769
3 0.568870 0.098030 0.033460 0.042784