3 0.624992 0.526062 0.040297 0.175125
4 0.045852 0.591229 0.091703 0.154875
4 0.287672 0.528823 0.034281 0.081229
4 0.309953 0.537281 0.038875 0.118896
4 0.951836 0.483000 0.045797 0.038750
0 0.765734 0.454010 0.145406 0.176271
0 0.452625 0.440479 0.253781 0.299208
0 0.792461 0.425833 0.051672 0.144875
0 0.193820 0.447198 0.208984 0.346063
0 0.896687 0.428771 0.081344 0.134167
5 0.352242 0.548312 0.286516 0.229208
5 0.764328 0.496625 0.082594 0.125833
5 0.577359 0.519510 0.218656 0.158188
6 0.882203 0.521125 0.021875 0.041875
6 0.567305 0.576167 0.060453 0.083958
6 0.974375 0.502104 0.019719 0.033125
4 0.560258 0.501312 0.057328 0.062083
4 0.681359 0.499823 0.024000 0.032479
5 0.827180 0.487396 0.097891 0.104417
5 0.913180 0.478594 0.047609 0.094979
5 0.979367 0.485740 0.041266 0.044646