0 0.633375 0.484558 0.226344 0.736018
0 0.926656 0.377522 0.122594 0.575280
0 0.058375 0.518658 0.115125 0.606873
0 0.119891 0.170044 0.094250 0.340088
0 0.048805 0.164602 0.097609 0.328083
0 0.375445 0.253968 0.108328 0.335369
0 0.226156 0.622463 0.307094 0.440442
1 0.542047 0.222935 0.167656 0.215546
0 0.877203 0.284248 0.055031 0.373805
0 0.879977 0.132655 0.062703 0.151976
0 0.235555 0.172301 0.098609 0.343894
1 0.428289 0.210944 0.044922 0.094631
4 0.508742 0.288643 0.035453 0.082183
0 0.424305 0.241903 0.032328 0.099971
0 0.160211 0.064853 0.058953 0.129705
6 0.140227 0.165413 0.012797 0.030000
1 0.745156 0.202050 0.081437 0.027935