1 0.324914 0.503028 0.014641 0.020682
1 0.273430 0.508028 0.023078 0.021130
0 0.497148 0.695053 0.121359 0.455437
0 0.887961 0.637697 0.087297 0.232623
0 0.735398 0.587207 0.068109 0.129936
0 0.125336 0.561482 0.051609 0.149659
0 0.417570 0.588454 0.059484 0.171450
0 0.368633 0.513124 0.011484 0.056823
0 0.663797 0.537889 0.017000 0.094414
1 0.283562 0.502569 0.017375 0.024499
0 0.706047 0.554819 0.026500 0.104819
0 0.733664 0.516119 0.031359 0.068230
0 0.601734 0.530736 0.023906 0.093284
0 0.550531 0.527473 0.022437 0.084030
0 0.531961 0.519179 0.015203 0.041855
1 0.299125 0.501684 0.020156 0.026354
0 0.593188 0.529872 0.012812 0.069765
1 0.344555 0.499733 0.007891 0.014222
0 0.422656 0.492537 0.217188 0.132196