3 0.671922 0.437167 0.050500 0.213708
4 0.851125 0.380365 0.294531 0.250562
0 0.609453 0.237500 0.364625 0.431167
0 0.111234 0.687635 0.222469 0.624729
3 0.182648 0.374073 0.050141 0.271479
6 0.715828 0.831990 0.091000 0.171646
6 0.214234 0.379271 0.025031 0.038250
4 0.316258 0.277740 0.182359 0.171979
6 0.106883 0.517167 0.057266 0.075250
4 0.702914 0.348354 0.080078 0.200542
5 0.528898 0.707792 0.375984 0.475333
5 0.183992 0.567552 0.282328 0.376437
5 0.433445 0.408354 0.266891 0.231167
5 0.838109 0.266146 0.127969 0.141500