3 0.846813 0.159750 0.043625 0.111219
3 0.781885 0.170313 0.091104 0.140500
2 0.546594 0.173352 0.314396 0.189984
0 0.216938 0.211180 0.282458 0.422359
6 0.455573 0.348828 0.096312 0.071531
6 0.720865 0.201273 0.039646 0.051984
6 0.680063 0.212859 0.065667 0.017594
6 0.692000 0.206117 0.066167 0.033859
0 0.082396 0.264047 0.134833 0.528094
2 0.475312 0.184680 0.086125 0.081172
0 0.504865 0.140453 0.176771 0.280906
3 0.959125 0.193437 0.053667 0.043312
6 0.990729 0.337367 0.018542 0.064953
6 0.730740 0.385719 0.138521 0.070125
2 0.961469 0.043469 0.077063 0.086938
6 0.924771 0.195219 0.034917 0.031625
6 0.320552 0.534656 0.161521 0.092781
6 0.875375 0.187734 0.070167 0.090281