2 0.082266 0.656990 0.100000 0.230104
2 0.471930 0.563646 0.045141 0.043250
2 0.315680 0.551625 0.030828 0.038250
1 0.679836 0.660219 0.346766 0.313979
1 0.922820 0.673875 0.153766 0.245292
1 0.294602 0.549229 0.043453 0.042625
1 0.180594 0.574427 0.090969 0.114437
1 0.486437 0.547719 0.062625 0.046396
0 0.226195 0.598833 0.044109 0.202917
0 0.898648 0.562500 0.027359 0.099042
0 0.929703 0.573167 0.026844 0.094000
0 0.919297 0.539365 0.008875 0.021604
2 0.445164 0.568917 0.013828 0.027542
1 0.837594 0.581302 0.024688 0.047313
1 0.521555 0.538760 0.028109 0.024646
1 0.439406 0.539406 0.043469 0.025979