2 0.312688 0.705825 0.219875 0.478443
1 0.347406 0.441568 0.210719 0.187854
1 0.682133 0.397771 0.235797 0.179741
0 0.506875 0.528184 0.139313 0.612972
0 0.675867 0.595519 0.228766 0.789245
0 0.226758 0.602111 0.115609 0.447618
0 0.104484 0.527052 0.155625 0.601792
0 0.846438 0.593113 0.134594 0.677217
0 0.914805 0.603608 0.170391 0.768019
0 0.017438 0.363325 0.034875 0.116981
0 0.980406 0.317759 0.039188 0.208349
0 0.805195 0.394917 0.062859 0.213514
0 0.710063 0.574847 0.116781 0.524835
2 0.028055 0.406132 0.055984 0.056085
1 0.042820 0.555130 0.085641 0.239693