2 0.546773 0.325764 0.048703 0.049083
2 0.797937 0.362722 0.042344 0.043833
0 0.750563 0.477708 0.166437 0.360694
0 0.919375 0.362944 0.022094 0.126833
0 0.936484 0.362708 0.025000 0.121917
0 0.971695 0.545986 0.056609 0.514250
0 0.381359 0.337389 0.056125 0.169833
0 0.712531 0.305681 0.018531 0.058583
0 0.550719 0.289653 0.036031 0.082750
0 0.416445 0.342847 0.046766 0.187806
0 0.293547 0.288722 0.021688 0.136389
0 0.793969 0.332000 0.017719 0.107389
0 0.904062 0.355819 0.015969 0.120028
0 0.218328 0.262389 0.016594 0.035833
2 0.579063 0.320694 0.020031 0.094611
0 0.137586 0.253000 0.023172 0.049333
0 0.436719 0.305556 0.789062 0.172222