0 0.351281 0.442598 0.241750 0.517374
0 0.264523 0.344832 0.048766 0.293408
0 0.913852 0.512360 0.148328 0.480922
0 0.639086 0.299791 0.021828 0.127682
0 0.688641 0.339581 0.050031 0.230279
0 0.756422 0.317640 0.047313 0.242374
0 0.491500 0.331466 0.072906 0.226955
0 0.837883 0.332849 0.037484 0.212570
2 0.958703 0.427793 0.040469 0.193631
0 0.895742 0.270475 0.036109 0.113128
0 0.611641 0.254232 0.011125 0.037067
0 0.010711 0.440321 0.021422 0.268017
0 0.943727 0.320922 0.060359 0.240615
2 0.514914 0.325349 0.020172 0.047626
0 0.787813 0.298547 0.028437 0.141676
0 0.503906 0.307263 0.989062 0.178771