3 0.512865 0.425187 0.095521 0.216156
0 0.811615 0.110109 0.376771 0.094375
0 0.888885 0.393016 0.222229 0.114875
6 0.148104 0.530383 0.135833 0.132516
0 0.061740 0.380211 0.123479 0.125203
3 0.488167 0.740414 0.080083 0.099797
3 0.536354 0.693367 0.080333 0.101266
3 0.605479 0.763445 0.126083 0.120172
6 0.651042 0.595633 0.130792 0.122609
6 0.205823 0.691492 0.149146 0.134234
6 0.572437 0.087430 0.115833 0.173766
0 0.045750 0.140883 0.083917 0.102703
6 0.479156 0.156797 0.083979 0.131438
6 0.405740 0.857195 0.160062 0.136391