3 0.425961 0.586958 0.021078 0.099000
3 0.398492 0.579104 0.025078 0.133750
3 0.374672 0.578708 0.024906 0.074000
3 0.442602 0.592396 0.012766 0.061750
3 0.465945 0.536458 0.019484 0.139583
3 0.447781 0.562562 0.023312 0.095375
0 0.789602 0.487260 0.409547 0.876396
0 0.232062 0.562781 0.329594 0.717479
5 0.692484 0.474708 0.108000 0.106208
3 0.421352 0.546063 0.010172 0.047333
3 0.410461 0.540625 0.016578 0.084000
3 0.373352 0.914167 0.058172 0.171667
3 0.319719 0.895677 0.049438 0.100521
6 0.606836 0.706271 0.068234 0.080875