0 0.715992 0.428165 0.163422 0.250353
0 0.286305 0.489553 0.144266 0.222071
0 0.539102 0.475529 0.174734 0.160424
0 0.567797 0.370282 0.062531 0.139341
0 0.483492 0.308612 0.056703 0.244941
0 0.436430 0.317224 0.043141 0.251294
0 0.359883 0.328706 0.035984 0.232329
0 0.740242 0.244765 0.053047 0.272965
0 0.092984 0.485906 0.043562 0.060188
0 0.499445 0.215847 0.017047 0.065906
0 0.381586 0.317353 0.081797 0.187129
6 0.692297 0.566235 0.023469 0.047247
6 0.627977 0.551212 0.022641 0.048071
0 0.341414 0.338682 0.033734 0.205365
3 0.315828 0.578741 0.044406 0.063271
0 0.930375 0.432988 0.064844 0.170400
0 0.499219 0.287059 0.998437 0.512941