2 0.367953 0.752790 0.265062 0.412016
2 0.546383 0.656130 0.191547 0.388635
2 0.813680 0.382261 0.074516 0.180570
2 0.857828 0.357220 0.050313 0.139898
2 0.718969 0.498340 0.081969 0.237699
2 0.739297 0.429185 0.084000 0.209409
2 0.936414 0.258289 0.043422 0.066232
2 0.771672 0.380367 0.084969 0.191894
0 0.210875 0.495530 0.020125 0.077210
0 0.130734 0.496670 0.020969 0.067760
0 0.173180 0.464094 0.018953 0.065010
0 0.230844 0.446741 0.016625 0.068065
0 0.112289 0.451161 0.054078 0.027006
0 0.143437 0.601538 0.027875 0.056477
0 0.126430 0.631935 0.035547 0.057312
0 0.095063 0.642587 0.038375 0.056130
0 0.212945 0.401609 0.030953 0.017149
0 0.113422 0.389715 0.020094 0.055397
0 0.138734 0.335367 0.010031 0.045927
0 0.149914 0.334807 0.012516 0.039715
2 0.645367 0.517240 0.147734 0.310652
0 0.209492 0.281619 0.005641 0.015092
2 0.875703 0.299022 0.052656 0.106680
0 0.467187 0.451120 0.890625 0.613035