3 0.436664 0.503189 0.042516 0.198468
3 0.514852 0.523412 0.032641 0.212061
3 0.559109 0.536643 0.056125 0.169331
3 0.440914 0.221797 0.018578 0.113621
3 0.514898 0.226086 0.017672 0.104318
3 0.869438 0.821783 0.021469 0.122173
3 0.904086 0.810947 0.018922 0.062563
3 0.913672 0.613524 0.023312 0.049889
3 0.940094 0.626741 0.022781 0.043343
3 0.879430 0.433329 0.021953 0.116407
3 0.948344 0.478510 0.019813 0.035738
3 0.887250 0.232618 0.019906 0.107131
4 0.433625 0.864582 0.216812 0.270836
0 0.375852 0.601351 0.142766 0.695961
0 0.233414 0.530613 0.203297 0.916825
0 0.536992 0.418719 0.128578 0.280891
0 0.654844 0.531462 0.127312 0.770780
3 0.130406 0.497437 0.026125 0.181616
0 0.754781 0.615306 0.174250 0.765042
3 0.499219 0.522284 0.998437 0.883008