2 0.609042 0.818883 0.160500 0.254141
1 0.920646 0.828156 0.102500 0.165875
1 0.867281 0.824273 0.063187 0.150547
1 0.364740 0.824992 0.104271 0.088297
1 0.461687 0.799070 0.024750 0.017516
1 0.416896 0.820922 0.033083 0.054813
1 0.752771 0.832352 0.106708 0.087766
1 0.834885 0.823445 0.071146 0.140141
0 0.621969 0.755836 0.227479 0.406109
1 0.475094 0.792328 0.020854 0.016469
1 0.539833 0.798258 0.022958 0.017484
1 0.408896 0.793844 0.032125 0.017313
1 0.444979 0.779148 0.023708 0.012078
1 0.789271 0.833219 0.054875 0.107219