0 0.180078 0.512699 0.020344 0.157420
0 0.446008 0.541343 0.021891 0.139973
0 0.639109 0.555465 0.038062 0.180612
0 0.683359 0.560293 0.038281 0.171489
0 0.832414 0.547021 0.066672 0.281064
0 0.936234 0.562753 0.076063 0.265293
0 0.266547 0.475891 0.015406 0.063112
0 0.700477 0.499388 0.024922 0.124840
0 0.658563 0.569774 0.024344 0.142048
0 0.881469 0.547753 0.034000 0.236622
0 0.909258 0.568883 0.044891 0.249309
1 0.457320 0.476875 0.079984 0.094548
0 0.617367 0.501529 0.020359 0.147686
0 0.575016 0.509628 0.032937 0.161543
0 0.501563 0.546543 0.993750 0.295213