0 0.738641 0.659131 0.049344 0.260939
0 0.486977 0.821080 0.197266 0.166291
0 0.828633 0.706009 0.064922 0.270939
0 0.548094 0.661608 0.025656 0.117113
0 0.962969 0.648122 0.070781 0.480141
0 0.589500 0.667700 0.050687 0.175540
0 0.572570 0.753380 0.106641 0.213944
0 0.925508 0.690293 0.042953 0.163028
0 0.197414 0.663063 0.074828 0.304296
0 0.285469 0.714847 0.071625 0.232042
0 0.264719 0.678357 0.063719 0.280282
2 0.053492 0.774824 0.053391 0.090164
0 0.404984 0.677582 0.043125 0.152723
0 0.726141 0.764941 0.186719 0.220775
2 0.124031 0.767195 0.094031 0.095282
0 0.500000 0.661972 0.928125 0.305164