2 0.577484 0.506813 0.031375 0.037125
1 0.171195 0.495937 0.077828 0.057275
0 0.608797 0.757563 0.031125 0.041725
0 0.552312 0.759862 0.015250 0.023775
0 0.481164 0.647012 0.027234 0.074975
0 0.567180 0.455838 0.007797 0.023275
0 0.408188 0.118662 0.003438 0.017075
0 0.575734 0.739975 0.014500 0.037250
0 0.487438 0.723900 0.010094 0.022500
0 0.451922 0.734975 0.025969 0.046550
0 0.550578 0.734425 0.013531 0.031050
0 0.535289 0.751588 0.014297 0.035175
0 0.436563 0.740150 0.013437 0.037350
2 0.630852 0.511850 0.031422 0.038200
2 0.466430 0.497300 0.037578 0.037150
0 0.467906 0.728463 0.008656 0.009375
0 0.030375 0.470650 0.011344 0.054400
0 0.557813 0.420000 0.340625 0.720000