2 0.197150 0.565453 0.378220 0.628773
1 0.789960 0.128653 0.420080 0.251867
1 0.376600 0.038853 0.065840 0.059947
0 0.471070 0.530347 0.578100 0.916853
0 0.320250 0.029093 0.040580 0.058187
0 0.263530 0.027467 0.064060 0.051733
0 0.163430 0.061187 0.017700 0.122053
1 0.293360 0.029413 0.037920 0.047787
1 0.050350 0.036840 0.100180 0.073253
3 0.213790 0.555067 0.101140 0.122080
3 0.727510 0.287147 0.040540 0.072480
0 0.201600 0.027040 0.045600 0.054080
2 0.916470 0.660000 0.167060 0.501173
2 0.796960 0.289173 0.406080 0.394187
6 0.275990 0.673267 0.120780 0.113413
2 0.947480 0.483987 0.101520 0.354640
1 0.134340 0.028187 0.030720 0.053280