3 0.586352 0.797542 0.040422 0.147292
3 0.570320 0.712219 0.035203 0.157146
4 0.285273 0.710167 0.094453 0.156458
0 0.396820 0.577594 0.231141 0.471979
0 0.847977 0.541667 0.304047 0.441458
0 0.947953 0.812729 0.104094 0.370542
0 0.088680 0.738740 0.177359 0.502271
0 0.155648 0.294573 0.082141 0.222812
0 0.968914 0.158219 0.061828 0.210812
3 0.546703 0.753708 0.044531 0.160708
3 0.599156 0.767427 0.026188 0.141771
6 0.488586 0.892281 0.068234 0.166563
6 0.673750 0.797240 0.058406 0.145437
6 0.456516 0.767406 0.057313 0.139896
6 0.365094 0.848542 0.075750 0.169000
0 0.065969 0.253927 0.097250 0.133146
0 0.879891 0.184896 0.047688 0.185750
1 0.080711 0.205490 0.074078 0.050396
6 0.595875 0.684969 0.028937 0.096771
0 0.597102 0.495396 0.184078 0.328208
0 0.015297 0.256583 0.029187 0.125542
0 0.246266 0.259333 0.064438 0.169708
3 0.612633 0.778281 0.024078 0.086688
3 0.542516 0.820156 0.027000 0.083979
6 0.693117 0.661021 0.049953 0.117958