3 0.897859 0.225604 0.034250 0.084250
3 0.535023 0.410562 0.019391 0.125000
3 0.462391 0.417250 0.018656 0.096917
3 0.446430 0.430073 0.016734 0.072896
3 0.428352 0.417219 0.019734 0.092104
3 0.936453 0.098969 0.034281 0.144521
3 0.019359 0.457323 0.013094 0.037771
3 0.031336 0.457042 0.016266 0.037458
6 0.830500 0.430010 0.022531 0.030229
6 0.876039 0.428719 0.023891 0.031438
6 0.607789 0.260865 0.017328 0.041604
6 0.851992 0.431031 0.021391 0.030229
3 0.377180 0.443510 0.018453 0.054813
3 0.697656 0.234010 0.031156 0.081312
3 0.483297 0.428750 0.016563 0.081958
3 0.659383 0.233948 0.036172 0.081937
6 0.745211 0.244833 0.046266 0.062833
6 0.630133 0.257740 0.020266 0.036354
3 0.946594 0.227708 0.038375 0.084625
6 0.901055 0.428760 0.023484 0.029229