0 0.535523 0.549474 0.032453 0.069108
0 0.284961 0.589531 0.023891 0.060755
0 0.825773 0.742300 0.133109 0.509130
0 0.479531 0.623684 0.096844 0.220092
0 0.377641 0.630801 0.060031 0.192677
0 0.410187 0.612723 0.055625 0.157025
0 0.306680 0.539840 0.022828 0.041876
0 0.083859 0.621350 0.056375 0.188787
0 0.563391 0.538398 0.022156 0.041098
0 0.585570 0.537860 0.014828 0.062311
2 0.906352 0.659314 0.045422 0.084119
0 0.074250 0.801568 0.148500 0.387895
0 0.614656 0.564256 0.047625 0.089657
0 0.765586 0.570812 0.064766 0.128078
0 0.607812 0.620137 0.759375 0.292906