3 0.435781 0.611956 0.055750 0.137073
3 0.377250 0.619028 0.036969 0.107564
3 0.550984 0.345773 0.016313 0.078103
4 0.459766 0.504719 0.182281 0.124052
4 0.739289 0.524520 0.171922 0.312693
4 0.320102 0.438208 0.097453 0.247190
0 0.470641 0.398419 0.125000 0.257354
0 0.565273 0.283852 0.107734 0.175902
0 0.512758 0.758419 0.182922 0.451686
0 0.706172 0.446066 0.194906 0.429227
0 0.352781 0.295176 0.100281 0.215129
4 0.648711 0.371827 0.063141 0.107916
0 0.145313 0.570258 0.207813 0.487119
6 0.286133 0.702084 0.040609 0.069555
6 0.603883 0.390422 0.018891 0.041780
3 0.575133 0.356827 0.020766 0.047752