4 0.270770 0.801477 0.113140 0.381174
4 0.400670 0.853541 0.166820 0.292918
4 0.808520 0.424786 0.098720 0.233203
4 0.893000 0.432598 0.102560 0.241423
4 0.302260 0.504964 0.080080 0.160676
4 0.406380 0.368665 0.159400 0.322171
4 0.538910 0.951263 0.058860 0.095053
5 0.741960 0.788754 0.284160 0.400000
4 0.237330 0.423434 0.175940 0.565302
4 0.077510 0.502954 0.154980 0.490747
5 0.325320 0.562331 0.146440 0.214199
5 0.700930 0.495516 0.128820 0.110107
5 0.440140 0.509644 0.121280 0.164769
5 0.486220 0.652438 0.204600 0.280890
5 0.604310 0.463078 0.122500 0.139324
5 0.982210 0.505854 0.034420 0.151566