3 0.388539 0.177000 0.008391 0.032833
3 0.352383 0.125083 0.010578 0.042708
3 0.347727 0.176052 0.010172 0.043646
3 0.340758 0.180156 0.006641 0.042271
3 0.361875 0.122708 0.010687 0.046500
3 0.378125 0.178875 0.011437 0.035042
3 0.412500 0.111323 0.009000 0.044146
3 0.378953 0.119833 0.010187 0.046333
3 0.343086 0.126063 0.011359 0.045917
3 0.370312 0.121479 0.008438 0.043208
3 0.405164 0.118719 0.009359 0.057021
3 0.421227 0.070010 0.006234 0.025562
3 0.443750 0.058750 0.005938 0.034583
3 0.407031 0.112500 0.120313 0.175000