3 0.719461 0.943306 0.068766 0.113388
0 0.437477 0.460588 0.174984 0.547294
0 0.711063 0.573976 0.257750 0.372612
0 0.889398 0.558259 0.221203 0.471200
0 0.181719 0.670047 0.207906 0.626118
0 0.077953 0.671000 0.146906 0.616259
0 0.377750 0.335506 0.117875 0.201976
0 0.351883 0.549035 0.052172 0.299482
6 0.421508 0.699976 0.034922 0.086118
6 0.459164 0.769388 0.048984 0.144800
6 0.469484 0.721353 0.042031 0.122659
6 0.829805 0.941035 0.068953 0.114400
0 0.273281 0.488188 0.054156 0.179859
4 0.272789 0.611165 0.069547 0.088306
0 0.326992 0.554200 0.043328 0.233529
3 0.503586 0.755588 0.022766 0.058706
6 0.423453 0.783176 0.034469 0.088706
6 0.618219 0.963906 0.107406 0.072188