1 0.947441 0.873664 0.064214 0.041672
0 0.236488 0.936781 0.081371 0.126031
0 0.272065 0.929242 0.053729 0.141516
0 0.871154 0.935125 0.069900 0.129750
0 0.069582 0.888047 0.032074 0.073031
0 0.122901 0.877391 0.036605 0.074219
0 0.367809 0.875664 0.040000 0.090484
0 0.092191 0.885320 0.031405 0.083141
0 0.038972 0.861102 0.025334 0.033516
0 0.152701 0.930445 0.110686 0.139109
0 0.057232 0.868117 0.016839 0.045484
0 0.239239 0.880844 0.023963 0.049344
0 0.220117 0.863969 0.028161 0.041906
0 0.340125 0.916078 0.078645 0.163938
0 0.242475 0.878125 0.163880 0.075000