0 0.536458 0.053047 0.147375 0.106094
0 0.173396 0.447313 0.346792 0.885656
3 0.529292 0.133492 0.277250 0.067547
3 0.698021 0.198906 0.070625 0.155313
3 0.635625 0.208687 0.031917 0.083000
3 0.823656 0.256141 0.090188 0.235875
3 0.859802 0.264523 0.124187 0.268516
3 0.953583 0.308992 0.092833 0.342297
3 0.631865 0.059555 0.012937 0.025297
3 0.665792 0.050078 0.020208 0.063313
3 0.481875 0.083266 0.025708 0.048406
0 0.096406 0.023883 0.136063 0.047766
0 0.264010 0.174867 0.111229 0.260266
3 0.369354 0.062813 0.019583 0.030531
3 0.427490 0.079328 0.018188 0.053250
3 0.704937 0.064820 0.006958 0.037297
0 0.765396 0.081430 0.469208 0.162609