0 0.286117 0.226865 0.325047 0.248312
0 0.914609 0.752125 0.170781 0.364042
0 0.542320 0.304927 0.233734 0.457396
0 0.901125 0.317979 0.197750 0.424708
0 0.264695 0.169708 0.024172 0.068250
0 0.869500 0.278812 0.076406 0.085292
6 0.646266 0.727990 0.105375 0.166313
6 0.529891 0.554344 0.065750 0.154979
0 0.682039 0.082125 0.050547 0.057208
6 0.701156 0.732021 0.048625 0.157333
6 0.530406 0.967521 0.151406 0.064958
6 0.705859 0.958396 0.176187 0.083208
0 0.131258 0.237948 0.228766 0.278562
0 0.418875 0.083198 0.121094 0.166396
0 0.216867 0.153125 0.053203 0.102750
0 0.082484 0.141510 0.052750 0.113937
0 0.713961 0.153250 0.188953 0.306500
0 0.029539 0.156760 0.059078 0.086313
6 0.957023 0.562927 0.080984 0.174687