1 0.818240 0.172531 0.363521 0.126375
0 0.477604 0.649187 0.089250 0.108250
0 0.409510 0.573578 0.109146 0.118125
0 0.173333 0.642687 0.095500 0.120687
0 0.178010 0.472836 0.078771 0.075234
0 0.159990 0.212414 0.068062 0.067922
0 0.379198 0.398555 0.097021 0.082641
0 0.738927 0.502195 0.104771 0.136391
0 0.537500 0.197539 0.063250 0.078578
0 0.165667 0.284703 0.063167 0.095750
0 0.311781 0.180227 0.082729 0.096203
0 0.367865 0.481617 0.130354 0.089547
0 0.930667 0.464906 0.129208 0.126719
0 0.157010 0.411445 0.102479 0.092578
0 0.460417 0.439844 0.741667 0.682813