3 0.871094 0.866300 0.080969 0.191007
0 0.635844 0.534895 0.220906 0.366885
0 0.227469 0.543630 0.208719 0.351382
0 0.350156 0.270913 0.077156 0.204543
0 0.677492 0.245703 0.085266 0.316932
0 0.879609 0.727518 0.240781 0.544965
0 0.334187 0.171546 0.081563 0.199859
0 0.112328 0.839473 0.224656 0.321054
3 0.427836 0.097131 0.009734 0.039883
3 0.464172 0.093267 0.011719 0.053372
3 0.450180 0.098653 0.010891 0.039742
3 0.473195 0.094239 0.009422 0.048244
3 0.495242 0.093068 0.009328 0.050632
3 0.576313 0.091358 0.011594 0.050023
3 0.544289 0.094520 0.008734 0.051850
6 0.607508 0.555597 0.027391 0.017518
6 0.787047 0.749052 0.034437 0.067752
6 0.535461 0.699309 0.041641 0.061007
6 0.756148 0.718255 0.039922 0.073607
6 0.775203 0.907541 0.049438 0.090492
6 0.695625 0.924555 0.048406 0.090187
6 0.437508 0.937424 0.049297 0.089649
6 0.229469 0.936382 0.052125 0.090094
6 0.200172 0.711745 0.034969 0.046862
0 0.729680 0.332190 0.137359 0.310703
6 0.225602 0.741522 0.039609 0.074379
6 0.276664 0.894192 0.047609 0.074520
3 0.438047 0.099649 0.010750 0.035457
3 0.574648 0.171909 0.014516 0.050000
3 0.559828 0.172049 0.011000 0.049859
3 0.533703 0.096253 0.009969 0.047166
3 0.528344 0.171136 0.009094 0.049344