4 0.212470 0.157093 0.024820 0.055627
4 0.267640 0.129947 0.045640 0.057493
4 0.263950 0.153560 0.028860 0.043813
4 0.472550 0.125227 0.013500 0.025333
4 0.495030 0.131067 0.018540 0.022453
4 0.426840 0.134640 0.020960 0.031467
4 0.450780 0.131747 0.017720 0.035227
4 0.300340 0.141827 0.018920 0.035493
0 0.167750 0.136853 0.015980 0.028533
0 0.297440 0.453347 0.012440 0.035707
0 0.230830 0.126800 0.016820 0.022613
2 0.030010 0.419587 0.060020 0.049147
4 0.305120 0.149427 0.018320 0.038480
0 0.169900 0.122413 0.013520 0.040560
4 0.371540 0.123093 0.015440 0.021280
4 0.239850 0.153707 0.017460 0.038453
4 0.255680 0.118827 0.013600 0.005920
4 0.381000 0.129333 0.314000 0.077333