3 0.258977 0.450925 0.020109 0.051030
3 0.297344 0.404274 0.020406 0.074309
0 0.305102 0.628337 0.172422 0.325855
0 0.167922 0.659543 0.194906 0.658431
0 0.258359 0.225925 0.029344 0.051101
0 0.162438 0.227986 0.044719 0.102951
0 0.577984 0.220913 0.019312 0.014473
4 0.165820 0.316276 0.032828 0.085293
4 0.068719 0.438302 0.098156 0.234918
4 0.315422 0.262564 0.062000 0.032295
4 0.606180 0.310761 0.082891 0.117354
0 0.626437 0.215176 0.019969 0.020984
3 0.332789 0.382834 0.011453 0.037799
6 0.349211 0.485504 0.019359 0.058033
6 0.363945 0.463454 0.015078 0.026815
6 0.325070 0.485363 0.021516 0.059485
6 0.308141 0.488782 0.013469 0.051663
6 0.341906 0.458560 0.015313 0.020820
6 0.307234 0.455960 0.012875 0.024239
6 0.325688 0.451112 0.014500 0.011780
6 0.303055 0.446487 0.014328 0.018080
4 0.341617 0.328630 0.048016 0.121663
0 0.809336 0.213759 0.059953 0.110984
0 0.880141 0.191276 0.080063 0.099789
0 0.425109 0.549169 0.062375 0.086253
6 0.286922 0.466171 0.022375 0.049766
4 0.677891 0.308642 0.093906 0.172834
4 0.100258 0.294742 0.059672 0.065269
4 0.036984 0.474438 0.073969 0.276932