4 0.153758 0.913979 0.243007 0.116127
4 0.806634 0.953350 0.327255 0.048627
4 0.429739 0.434690 0.169379 0.075065
0 0.834044 0.689657 0.271552 0.558203
0 0.750351 0.483480 0.219984 0.242386
0 0.426446 0.392631 0.137141 0.155817
0 0.258538 0.393072 0.135964 0.172157
0 0.188611 0.587761 0.337059 0.502222
6 0.649592 0.684861 0.051046 0.087435
6 0.340882 0.611716 0.041307 0.070686
6 0.369322 0.472663 0.031846 0.048431
6 0.318252 0.498627 0.027320 0.041569
6 0.709518 0.631740 0.053938 0.108578
0 0.661070 0.413529 0.162337 0.236078
6 0.409044 0.664502 0.052010 0.085931
4 0.848137 0.460131 0.067320 0.075523