3 0.167430 0.502563 0.034172 0.117792
3 0.441695 0.356615 0.008266 0.038563
3 0.570172 0.529188 0.013562 0.063833
6 0.129773 0.607865 0.057297 0.069646
6 0.139273 0.612187 0.051078 0.074167
0 0.197844 0.419750 0.090500 0.153583
0 0.508008 0.398448 0.073578 0.329521
0 0.292875 0.403417 0.096781 0.197750
0 0.216297 0.509615 0.072031 0.136771
0 0.109148 0.445052 0.138922 0.222812
0 0.051477 0.455854 0.102953 0.295500
0 0.248820 0.749552 0.497641 0.500896
0 0.958719 0.258313 0.081156 0.516625
0 0.818406 0.733385 0.363187 0.531271
0 0.385539 0.388354 0.103422 0.341000
3 0.583008 0.532396 0.012172 0.060042
6 0.790109 0.945125 0.042625 0.072917
0 0.267406 0.527229 0.137219 0.139750