4 0.752086 0.522518 0.232922 0.173419
4 0.951063 0.540281 0.097875 0.157471
4 0.058469 0.512354 0.116937 0.058431
4 0.586305 0.404169 0.110172 0.206651
0 0.500672 0.380609 0.337344 0.406745
0 0.251641 0.293431 0.221844 0.493794
0 0.190711 0.199087 0.069828 0.210304
0 0.821406 0.181019 0.105094 0.134122
0 0.645539 0.159145 0.037922 0.067752
0 0.766078 0.149333 0.038187 0.079742
0 0.077344 0.277026 0.151938 0.553068
0 0.393781 0.164052 0.087469 0.147541
0 0.596141 0.197084 0.158594 0.245176
4 0.712812 0.425714 0.145531 0.179391
4 0.827273 0.413478 0.119922 0.236885
4 0.955961 0.389379 0.088078 0.169485
4 0.682148 0.219895 0.051828 0.033747
4 0.734750 0.225269 0.055188 0.034895
0 0.505055 0.231311 0.065109 0.234848
0 0.455156 0.162717 0.047313 0.092178
4 0.141211 0.348911 0.056484 0.103255
4 0.142664 0.212155 0.027141 0.053724
0 0.938969 0.205796 0.079625 0.092623
0 0.907648 0.163326 0.085109 0.137049
6 0.906766 0.816124 0.138219 0.168689
6 0.972461 0.246452 0.019922 0.019789
0 0.535156 0.174473 0.926562 0.222482