1 0.253292 0.375625 0.376708 0.100094
1 0.496479 0.320688 0.096417 0.038531
1 0.432250 0.314102 0.098292 0.040578
0 0.380823 0.368461 0.067562 0.122922
0 0.032406 0.384930 0.063854 0.122953
1 0.385844 0.313742 0.039396 0.022766
1 0.095906 0.329477 0.103479 0.056141
0 0.770156 0.303711 0.025854 0.052234
0 0.889875 0.294508 0.032333 0.053391
0 0.701979 0.303766 0.020083 0.040969
0 0.667938 0.307094 0.030625 0.039438
0 0.563729 0.309422 0.016833 0.030812
0 0.343938 0.323320 0.034542 0.056109
1 0.167573 0.317117 0.046146 0.039297
0 0.217260 0.316984 0.015688 0.022281
0 0.194646 0.317086 0.030708 0.025797
1 0.201333 0.313055 0.047042 0.035641
1 0.337844 0.315039 0.058271 0.029984
1 0.263437 0.316781 0.031833 0.017125