6 0.724633 0.568844 0.038203 0.079146
6 0.439266 0.599490 0.034969 0.069354
6 0.799477 0.575938 0.025859 0.049375
6 0.658484 0.546115 0.025469 0.057146
6 0.486336 0.572458 0.038484 0.065417
6 0.269273 0.558260 0.027922 0.054854
6 0.761391 0.582021 0.021875 0.026833
4 0.567977 0.780906 0.235953 0.415729
4 0.831883 0.784781 0.336234 0.430438
4 0.952180 0.524146 0.095641 0.121500
4 0.826820 0.508125 0.106047 0.115875
4 0.239922 0.514552 0.116781 0.092896
4 0.120859 0.518740 0.029531 0.086479
6 0.684094 0.574146 0.032188 0.036792
6 0.174367 0.593021 0.035328 0.031708
6 0.203852 0.565573 0.017047 0.031896
4 0.370555 0.506417 0.079766 0.101708
4 0.540586 0.524677 0.025328 0.041562
4 0.218172 0.786969 0.267687 0.426062