4 0.114172 0.734646 0.120562 0.384000
4 0.311273 0.530354 0.024203 0.063750
4 0.485602 0.481063 0.025016 0.069833
4 0.721961 0.458646 0.075609 0.054917
4 0.853992 0.883083 0.186984 0.230250
4 0.145078 0.944573 0.279969 0.088229
0 0.551125 0.384271 0.141562 0.233708
0 0.406180 0.419104 0.161797 0.298875
0 0.198875 0.498885 0.249437 0.350562
5 0.702617 0.578771 0.185516 0.228833
5 0.626469 0.467396 0.143375 0.101958
0 0.771352 0.665167 0.457297 0.642708
4 0.893117 0.712177 0.018453 0.066312
4 0.915336 0.942990 0.169328 0.069687