2 0.446188 0.603396 0.093625 0.033542
2 0.054156 0.741750 0.108312 0.074292
2 0.027094 0.606938 0.031406 0.019583
2 0.083313 0.586969 0.031969 0.057396
0 0.695484 0.810906 0.214344 0.092354
0 0.951125 0.642469 0.097750 0.186938
0 0.873234 0.671406 0.077406 0.134771
0 0.936555 0.626344 0.056141 0.106937
0 0.565453 0.626844 0.044062 0.072813
4 0.972328 0.685500 0.053687 0.096083
0 0.605578 0.571083 0.035813 0.048042
0 0.652922 0.812729 0.224094 0.080500
0 0.089102 0.712865 0.114141 0.052146
0 0.133234 0.640583 0.014750 0.014333
0 0.210891 0.590885 0.037844 0.139729
0 0.463125 0.666052 0.090969 0.098188
0 0.276578 0.565490 0.018531 0.031521
2 0.503227 0.598490 0.032078 0.031521
0 0.352539 0.599406 0.031266 0.083354
0 0.335156 0.647917 0.667188 0.320833