2 0.495019 0.669352 0.065310 0.116953
1 0.560497 0.577836 0.064484 0.024797
1 0.392533 0.572805 0.061839 0.038922
1 0.225497 0.577891 0.028143 0.015625
1 0.186210 0.580586 0.026754 0.016797
0 0.491060 0.615344 0.076717 0.154875
0 0.150206 0.837258 0.170882 0.319953
0 0.052514 0.854813 0.105028 0.148313
0 0.903668 0.520211 0.042683 0.030859
1 0.430638 0.575992 0.032946 0.023203
1 0.491782 0.583844 0.090469 0.038781
1 0.218462 0.574578 0.020638 0.017188
1 0.544315 0.567469 0.044353 0.016344
1 0.446660 0.571430 0.018311 0.010078
1 0.243368 0.579445 0.015103 0.028641