0 0.485484 0.627734 0.297719 0.709159
0 0.776625 0.482570 0.038312 0.229112
0 0.035836 0.471425 0.060172 0.206402
0 0.087328 0.306612 0.034781 0.052290
0 0.261328 0.317850 0.037156 0.106542
0 0.433391 0.249965 0.036437 0.075771
0 0.394008 0.497886 0.038672 0.058341
0 0.622641 0.202477 0.024375 0.051262
0 0.419125 0.300783 0.029844 0.051238
0 0.561344 0.199206 0.038562 0.070327
0 0.182164 0.275876 0.032797 0.085164
0 0.699141 0.209965 0.038094 0.059136
0 0.655508 0.126121 0.033828 0.056542
4 0.445820 0.520514 0.006953 0.012103
0 0.500000 0.271028 0.996875 0.542056