2 0.014890 0.488107 0.029780 0.104747
0 0.366150 0.789320 0.065780 0.175227
0 0.347890 0.754387 0.103580 0.209093
0 0.299830 0.733640 0.039860 0.212613
0 0.769150 0.535320 0.074540 0.183280
0 0.540290 0.549787 0.089540 0.156533
0 0.806200 0.554600 0.073320 0.206640
0 0.223580 0.270787 0.067280 0.166480
0 0.190460 0.268213 0.056680 0.161707
0 0.356460 0.277040 0.058800 0.194187
0 0.532650 0.402267 0.040460 0.047307
0 0.570540 0.432947 0.064200 0.113360
0 0.500210 0.561307 0.074540 0.176427
0 0.960820 0.342240 0.070600 0.120320
0 0.497000 0.498667 0.490000 0.997333