2 0.325736 0.842700 0.079279 0.150080
1 0.405841 0.572440 0.080030 0.051800
0 0.340706 0.740030 0.143934 0.264460
0 0.794249 0.590970 0.045676 0.080940
1 0.704535 0.557130 0.054835 0.035740
1 0.741081 0.546060 0.054655 0.038600
0 0.880766 0.567350 0.025375 0.037980
0 0.322538 0.556280 0.027898 0.050440
0 0.495405 0.575340 0.038739 0.017600
0 0.967087 0.542960 0.014955 0.033360
1 0.201607 0.555370 0.035105 0.022980
1 0.490676 0.601530 0.143273 0.118700
1 0.017703 0.614730 0.035405 0.085140
1 0.039655 0.562410 0.058589 0.026500