3 0.422406 0.436844 0.021906 0.102229
3 0.686703 0.506115 0.027469 0.089521
3 0.478344 0.447458 0.025750 0.027125
3 0.715781 0.507698 0.028563 0.110812
3 0.459898 0.422500 0.028391 0.030750
3 0.522883 0.457771 0.026859 0.036500
3 0.506086 0.421323 0.032734 0.036062
3 0.503383 0.466969 0.028078 0.040937
3 0.409891 0.428198 0.015250 0.107438
3 0.485578 0.392760 0.032438 0.028521
6 0.420914 0.503250 0.014828 0.028208
6 0.446641 0.493958 0.027625 0.040625
6 0.557680 0.435469 0.037109 0.031062
3 0.395766 0.396531 0.009625 0.018812
3 0.289633 0.290563 0.010859 0.049667
6 0.847102 0.551010 0.039266 0.094979