2 0.477219 0.833333 0.090719 0.109667
2 0.100734 0.880167 0.180594 0.239667
0 0.120203 0.799861 0.104250 0.278722
0 0.413367 0.737431 0.054328 0.179639
0 0.874117 0.684944 0.034078 0.135000
0 0.437797 0.705014 0.027813 0.096917
0 0.471531 0.750806 0.073563 0.238944
0 0.500219 0.681028 0.031125 0.100056
0 0.228172 0.748347 0.060031 0.174583
0 0.350445 0.755917 0.066578 0.234778
0 0.538484 0.702681 0.045500 0.161806
0 0.581148 0.659028 0.021297 0.070111
0 0.623664 0.701111 0.037672 0.128611
0 0.600000 0.665736 0.020531 0.075972
1 0.596961 0.633417 0.051672 0.041278
1 0.957227 0.642458 0.044266 0.072250
1 0.717625 0.621153 0.056469 0.034194
1 0.894187 0.629792 0.093844 0.064750
0 0.749227 0.675139 0.036297 0.120222
0 0.502344 0.690278 0.989062 0.236111