2 0.463109 0.570877 0.088219 0.326602
2 0.314172 0.549568 0.161312 0.259638
2 0.227953 0.669666 0.348656 0.304680
2 0.620602 0.544652 0.244922 0.412479
0 0.188328 0.591462 0.227000 0.522201
0 0.337211 0.457967 0.201797 0.502340
0 0.525766 0.472632 0.119531 0.437019
0 0.812633 0.490111 0.090422 0.347521
0 0.902156 0.503468 0.026062 0.100028
0 0.411398 0.526811 0.024141 0.151616
0 0.595187 0.505710 0.048438 0.181950
0 0.453391 0.437646 0.055469 0.131838
0 0.208375 0.479638 0.020688 0.032368
0 0.188211 0.478579 0.011328 0.033092
0 0.382148 0.454192 0.006672 0.029554
2 0.802773 0.546114 0.218172 0.303928
0 0.160758 0.461267 0.014109 0.019359
0 0.231539 0.504791 0.018172 0.052089