2 0.916414 0.627237 0.142953 0.170258
0 0.778063 0.587354 0.045469 0.209977
0 0.294148 0.583009 0.054703 0.265878
0 0.371852 0.586593 0.067141 0.274590
0 0.170984 0.582330 0.058781 0.287471
0 0.065219 0.585023 0.070469 0.370796
0 0.124156 0.589754 0.047781 0.234496
0 0.817867 0.585398 0.046484 0.240445
0 0.986523 0.579778 0.026953 0.269672
2 0.329641 0.620843 0.047594 0.095222
0 0.583719 0.509684 0.049531 0.080773
0 0.209883 0.591335 0.040047 0.250304
0 0.244992 0.588841 0.034234 0.181710
0 0.899062 0.577073 0.088844 0.225293
2 0.195453 0.663302 0.046187 0.066885
0 0.664711 0.586007 0.025078 0.114122
0 0.539844 0.583138 0.442188 0.173302