6 0.340641 0.899005 0.112875 0.200539
6 0.142195 0.592775 0.036453 0.069391
0 0.814867 0.783150 0.193422 0.280913
0 0.472281 0.623595 0.473781 0.662927
0 0.066867 0.441440 0.130734 0.777026
0 0.212836 0.653525 0.173609 0.477916
0 0.288109 0.436159 0.066062 0.170117
0 0.103867 0.434204 0.022109 0.076464
0 0.730297 0.734239 0.066125 0.182436
0 0.612461 0.688080 0.214391 0.496628
0 0.136070 0.493841 0.053234 0.084169
0 0.122867 0.449215 0.023203 0.054215
0 0.062242 0.415433 0.036953 0.049742
4 0.189883 0.807307 0.088516 0.138595
4 0.905508 0.942857 0.188984 0.088290
0 0.942828 0.808361 0.070344 0.222108
4 0.777664 0.886030 0.112953 0.082084