3 0.799187 0.240211 0.100437 0.447307
3 0.909672 0.260632 0.132000 0.496768
3 0.713125 0.199485 0.103125 0.384169
3 0.553859 0.139169 0.036250 0.154403
3 0.535625 0.130222 0.034375 0.149016
3 0.227414 0.270960 0.061703 0.197845
3 0.575516 0.179075 0.033375 0.211499
3 0.517094 0.118560 0.036906 0.157307
3 0.507695 0.067084 0.044422 0.122881
6 0.725234 0.316885 0.057188 0.223372
6 0.422977 0.571991 0.086859 0.110679
3 0.727109 0.319180 0.061000 0.227822
3 0.654195 0.249356 0.032922 0.244145
3 0.599516 0.144637 0.042656 0.196440
6 0.811516 0.395328 0.063281 0.197963