3 0.533750 0.609813 0.052594 0.053583
3 0.349344 0.537190 0.025781 0.034333
3 0.496805 0.574754 0.042953 0.045059
3 0.369219 0.566979 0.051313 0.055363
1 0.226961 0.329438 0.070609 0.179391
0 0.680711 0.311932 0.150266 0.333326
0 0.468836 0.298419 0.114203 0.229719
0 0.305672 0.308923 0.043312 0.128384
0 0.067211 0.319930 0.027234 0.041124
6 0.814453 0.583326 0.048094 0.105855
6 0.762445 0.563630 0.043297 0.098923
6 0.719992 0.552482 0.040234 0.096300
0 0.026992 0.392646 0.052328 0.195082
3 0.444570 0.633724 0.052328 0.052693
3 0.415547 0.606628 0.045281 0.049977
0 0.124953 0.323583 0.044969 0.112834
1 0.588680 0.316148 0.135359 0.267377