4 0.065586 0.478583 0.127797 0.235417
4 0.352227 0.334646 0.048672 0.188083
4 0.981469 0.435396 0.037062 0.121333
4 0.782523 0.382323 0.230672 0.265104
0 0.844484 0.454427 0.311031 0.324687
0 0.756672 0.337875 0.196969 0.285167
0 0.820312 0.144646 0.206469 0.289292
0 0.564195 0.163135 0.108109 0.195937
0 0.520234 0.372802 0.257063 0.278104
6 0.791945 0.824604 0.167797 0.248333
6 0.917695 0.793698 0.109547 0.155063
6 0.408398 0.945219 0.221297 0.109562
6 0.173789 0.806250 0.127391 0.245125
6 0.255344 0.896625 0.126406 0.197750
6 0.637023 0.794771 0.112984 0.184542
6 0.586445 0.955187 0.141391 0.089625
6 0.640344 0.286229 0.039750 0.066333
6 0.603156 0.286938 0.033406 0.072458
0 0.448414 0.242792 0.186266 0.454458
6 0.407469 0.896625 0.123156 0.137917
6 0.630086 0.479594 0.064078 0.106521
6 0.346359 0.493604 0.070563 0.104708
4 0.531633 0.382198 0.210203 0.096937
4 0.192578 0.624917 0.383000 0.236708
4 0.846750 0.634229 0.306500 0.207500
4 0.674875 0.158354 0.094469 0.068458
4 0.771203 0.184438 0.097906 0.104417
6 0.703797 0.271156 0.032969 0.035979
0 0.197828 0.416896 0.353250 0.379458
6 0.668750 0.209375 0.103125 0.077083