2 0.351820 0.622363 0.040328 0.027785
1 0.291586 0.614475 0.094172 0.068813
1 0.582633 0.450605 0.013109 0.017055
0 0.615063 0.681016 0.020063 0.108973
0 0.726461 0.655194 0.027859 0.084224
0 0.648086 0.580308 0.013016 0.052580
0 0.597289 0.570422 0.020359 0.049155
2 0.703641 0.623482 0.044219 0.031484
0 0.461766 0.673687 0.033563 0.093721
0 0.538602 0.614555 0.026391 0.071301
0 0.361078 0.693881 0.029187 0.096575
0 0.713688 0.639132 0.021438 0.053881
0 0.817547 0.650034 0.041969 0.085594
0 0.283086 0.698984 0.015047 0.051758
0 0.268211 0.687021 0.019922 0.074817
1 0.339344 0.581758 0.010500 0.009178
0 0.632219 0.581621 0.017406 0.048584
0 0.604016 0.653710 0.014406 0.044087
2 0.492797 0.620514 0.133750 0.034315
0 0.582812 0.575342 0.721875 0.305936