0 0.488820 0.725681 0.054297 0.262847
0 0.920133 0.736241 0.043859 0.237689
0 0.888570 0.726168 0.049641 0.187713
0 0.361578 0.675839 0.030312 0.116788
2 0.145961 0.852117 0.223484 0.295766
2 0.148195 0.820815 0.249266 0.268005
2 0.456312 0.787591 0.105719 0.169976
0 0.378008 0.677165 0.017234 0.108735
0 0.408211 0.681679 0.022547 0.107105
0 0.549586 0.658662 0.010891 0.075134
0 0.430227 0.680864 0.021078 0.116277
0 0.533695 0.658200 0.018641 0.081946
0 0.312859 0.645937 0.012469 0.068905
0 0.421406 0.640608 0.012687 0.043163
2 0.236148 0.814404 0.090422 0.106083
2 0.271383 0.766898 0.122609 0.150535
2 0.307969 0.739538 0.058719 0.096837
2 0.223859 0.694903 0.023969 0.035450
2 0.260891 0.690487 0.039313 0.028613
2 0.211289 0.746813 0.024578 0.067543
2 0.152828 0.687068 0.045750 0.030876
0 0.812047 0.653966 0.010031 0.084818
0 0.566461 0.659148 0.016609 0.072555
0 0.160938 0.648418 0.059375 0.104623
2 0.310937 0.708029 0.193750 0.311436