2 0.283344 0.777564 0.112344 0.269836
1 0.532766 0.514824 0.059344 0.062389
1 0.609773 0.485644 0.023797 0.031944
1 0.629891 0.484625 0.016563 0.019649
1 0.401062 0.546815 0.118438 0.110117
0 0.304906 0.627881 0.127656 0.349719
1 0.679219 0.486815 0.016125 0.038126
0 0.794031 0.501288 0.008281 0.037424
0 0.979102 0.539766 0.041797 0.241546
1 0.393602 0.482951 0.028828 0.011054
1 0.469625 0.484286 0.019250 0.019063
1 0.561070 0.485714 0.019953 0.028852
0 0.797992 0.482822 0.007984 0.027518
0 0.637188 0.479110 0.002906 0.011944