0 0.811156 0.216380 0.047938 0.084581
0 0.732055 0.709376 0.308172 0.581247
0 0.068742 0.353313 0.137484 0.486176
0 0.451031 0.186176 0.086656 0.126012
0 0.303047 0.749438 0.424094 0.478671
0 0.645336 0.167965 0.121734 0.276339
0 0.797133 0.347076 0.144266 0.233006
0 0.865898 0.180951 0.104297 0.293313
0 0.518359 0.224090 0.070875 0.140695
0 0.125328 0.361431 0.079312 0.139100
4 0.087070 0.843855 0.172766 0.312249
4 0.939266 0.503364 0.121469 0.432168
4 0.673906 0.205378 0.103969 0.157382
4 0.029187 0.576401 0.051500 0.200000
0 0.196836 0.317168 0.097359 0.193395
4 0.940141 0.208354 0.119719 0.222434
4 0.856109 0.252771 0.042344 0.061247