3 0.137969 0.165293 0.013625 0.034660
3 0.119617 0.146276 0.012484 0.081124
3 0.085711 0.126019 0.018953 0.124122
3 0.098273 0.245082 0.018203 0.085574
3 0.164164 0.232436 0.019266 0.101405
6 0.371313 0.610550 0.048625 0.125644
6 0.368703 0.701112 0.052094 0.094871
4 0.575727 0.234836 0.035984 0.078665
4 0.232711 0.260995 0.024547 0.056792
4 0.275594 0.238794 0.031438 0.063255
4 0.636680 0.232260 0.066016 0.079368
4 0.619703 0.212166 0.016688 0.029204
4 0.385461 0.255913 0.063141 0.059133
4 0.417898 0.250984 0.060328 0.059157
4 0.301461 0.236874 0.045922 0.089672
3 0.128055 0.244215 0.018203 0.082155