4 0.140055 0.754800 0.041672 0.156502
0 0.330281 0.360822 0.124281 0.419531
0 0.063367 0.619096 0.126734 0.390869
0 0.294664 0.786514 0.338047 0.404484
0 0.643188 0.505622 0.086750 0.391009
0 0.539758 0.453779 0.070047 0.254038
0 0.716570 0.471080 0.064953 0.199624
0 0.384883 0.384601 0.084859 0.406150
4 0.394531 0.826362 0.082906 0.043897
0 0.201789 0.504613 0.072641 0.246925
0 0.365727 0.792136 0.294672 0.388779
0 0.419070 0.480951 0.047641 0.243545
0 0.196914 0.246843 0.050859 0.114014
2 0.320242 0.484237 0.215984 0.238192
0 0.038508 0.245939 0.038578 0.058873
4 0.288070 0.679613 0.015297 0.067629