4 0.829172 0.633750 0.052281 0.252958
0 0.311242 0.650094 0.307047 0.699812
0 0.677687 0.523167 0.302687 0.488792
0 0.882852 0.599667 0.228703 0.773542
0 0.506461 0.402906 0.060984 0.187104
6 0.551531 0.712281 0.055813 0.120104
6 0.430969 0.772677 0.069406 0.151229
6 0.745836 0.769646 0.067484 0.164333
6 0.694555 0.760229 0.066453 0.165542
6 0.522805 0.856990 0.076016 0.189188
6 0.477945 0.727177 0.058078 0.136813
0 0.558336 0.464198 0.112953 0.395062
0 0.106484 0.674073 0.212969 0.651854
0 0.188164 0.446750 0.047047 0.149750
6 0.367930 0.859083 0.057016 0.054042