0 0.791156 0.555066 0.414219 0.862920
0 0.500516 0.598418 0.203125 0.421040
0 0.304133 0.684414 0.060391 0.212412
4 0.509102 0.760310 0.197953 0.253363
0 0.277328 0.514004 0.044562 0.068186
0 0.350148 0.464989 0.036016 0.067765
0 0.515727 0.400619 0.051484 0.103584
0 0.378586 0.642699 0.128203 0.338938
0 0.244844 0.706361 0.077750 0.188872
0 0.832117 0.377013 0.095328 0.280531
0 0.318625 0.488529 0.041750 0.064403
0 0.187969 0.590254 0.064250 0.141084
5 0.705516 0.570885 0.336281 0.505088
4 0.383469 0.792965 0.064375 0.338540