1 0.143484 0.737447 0.239500 0.155363
1 0.074219 0.876405 0.148438 0.247190
1 0.781250 0.705948 0.092437 0.112787
1 0.924109 0.743993 0.149250 0.127518
1 0.860328 0.692143 0.092500 0.081054
1 0.751156 0.669450 0.038687 0.040913
1 0.958781 0.815726 0.082437 0.179789
1 0.941922 0.689649 0.115500 0.062951
0 0.268422 0.733794 0.020844 0.115831
0 0.168695 0.643501 0.022578 0.046112
0 0.146742 0.653970 0.024141 0.035761
0 0.179211 0.648876 0.014828 0.027400
0 0.896891 0.652576 0.021250 0.033489
0 0.781398 0.641546 0.015047 0.035785
0 0.316664 0.668126 0.015891 0.077237
1 0.837406 0.658888 0.055750 0.023115
0 0.290945 0.731733 0.031922 0.110585
0 0.199797 0.654005 0.025312 0.033489