1 0.435680 0.919104 0.234266 0.139333
1 0.101172 0.274073 0.024906 0.046479
0 0.490281 0.334562 0.016000 0.038750
0 0.480094 0.348969 0.019031 0.045521
0 0.489555 0.372802 0.021922 0.047562
0 0.550937 0.386302 0.023125 0.072646
0 0.510141 0.364719 0.017906 0.052521
0 0.541539 0.408854 0.021016 0.031958
0 0.594602 0.406042 0.019578 0.031042
0 0.613875 0.410083 0.017500 0.022958
1 0.015273 0.157250 0.028672 0.030167
0 0.505148 0.413740 0.026016 0.050229
0 0.493336 0.394729 0.022766 0.035583
0 0.619352 0.409271 0.004859 0.014042
0 0.442734 0.647062 0.046656 0.059208
1 0.078109 0.246104 0.055031 0.072125
1 0.179570 0.537042 0.109516 0.134125
0 0.443875 0.356729 0.015469 0.069917