4 0.297039 0.463435 0.082828 0.165600
4 0.377289 0.475694 0.089516 0.171294
4 0.455461 0.493353 0.108141 0.183647
4 0.596484 0.511365 0.051031 0.098400
2 0.606344 0.696600 0.471687 0.448494
2 0.969727 0.472671 0.060547 0.068024
1 0.857570 0.389765 0.233984 0.202635
1 0.553922 0.345471 0.164125 0.093624
1 0.479789 0.332694 0.071172 0.069859
1 0.396266 0.318929 0.054469 0.049106
1 0.292562 0.397906 0.136656 0.258824
1 0.179547 0.301506 0.178125 0.109788
0 0.649281 0.481753 0.231312 0.677576
0 0.160414 0.527718 0.159672 0.674165
0 0.423438 0.421271 0.075469 0.239341
0 0.359789 0.390894 0.057203 0.157365
0 0.559063 0.365294 0.072656 0.115718
0 0.278813 0.327212 0.056000 0.193576
0 0.335938 0.324694 0.049375 0.072212
0 0.074328 0.408894 0.051812 0.304471
0 0.023000 0.437612 0.044312 0.253529
0 0.019156 0.295812 0.038094 0.100565
0 0.324461 0.370212 0.041828 0.076800
0 0.050109 0.461800 0.042906 0.195647
1 0.042273 0.270365 0.084266 0.072118
1 0.666984 0.300000 0.204437 0.114541
4 0.464781 0.436859 0.060813 0.088212
4 0.327297 0.392376 0.018688 0.030494
0 0.271430 0.375894 0.057453 0.123082