1 0.507805 0.735639 0.127297 0.069667
1 0.115000 0.733458 0.030344 0.024639
1 0.360422 0.730847 0.042344 0.026139
1 0.113445 0.749306 0.018641 0.026000
1 0.019102 0.738778 0.024328 0.016278
0 0.600594 0.744792 0.061781 0.283639
0 0.504172 0.684278 0.022906 0.041222
0 0.478344 0.731444 0.025500 0.079667
0 0.299367 0.728264 0.005609 0.029694
0 0.959141 0.720014 0.006531 0.038750
0 0.305172 0.735972 0.006531 0.014944
0 0.967266 0.727806 0.005219 0.024056
0 0.333359 0.732875 0.005562 0.020750
1 0.150367 0.732722 0.022047 0.022222
1 0.634352 0.731625 0.019859 0.033139
1 0.577391 0.735056 0.013344 0.019222