2 0.182625 0.579813 0.065031 0.055176
0 0.310055 0.638080 0.043266 0.271054
0 0.255898 0.597389 0.082453 0.166206
0 0.512773 0.656288 0.065453 0.122412
0 0.565484 0.663571 0.036500 0.056183
0 0.722539 0.580433 0.020641 0.094028
0 0.699266 0.566206 0.026031 0.087775
0 0.851836 0.611159 0.033234 0.102927
0 0.544953 0.584005 0.025250 0.098782
0 0.468633 0.570726 0.022172 0.057096
0 0.446625 0.572436 0.020625 0.045714
0 0.590438 0.410621 0.020219 0.070422
0 0.485969 0.572916 0.020219 0.062927
0 0.594500 0.581171 0.012875 0.034239
0 0.596875 0.485948 0.565625 0.278689