0 0.092695 0.549167 0.185391 0.501125
0 0.898594 0.651687 0.202813 0.696625
0 0.209875 0.464646 0.106656 0.351667
0 0.313023 0.321677 0.098359 0.121063
0 0.792977 0.640458 0.176953 0.633708
0 0.518344 0.384396 0.230781 0.315500
0 0.422187 0.319104 0.170219 0.188750
0 0.739023 0.317573 0.113172 0.141896
0 0.630016 0.441167 0.223563 0.406083
0 0.081805 0.907635 0.163609 0.184729
0 0.261891 0.378385 0.127125 0.244146
3 0.765000 0.768229 0.072344 0.275292
3 0.808109 0.912521 0.096281 0.174417
3 0.624516 0.633979 0.044875 0.191667
3 0.323344 0.797073 0.058750 0.262396
3 0.349375 0.600448 0.038875 0.173437
3 0.298945 0.876188 0.109672 0.226417
3 0.511164 0.452906 0.028672 0.120688
3 0.463906 0.855094 0.063500 0.281813
3 0.346648 0.418792 0.022547 0.079167
3 0.322398 0.421406 0.024484 0.061604
3 0.432781 0.361885 0.018125 0.052979
0 0.085859 0.360990 0.129781 0.276146
3 0.428891 0.453010 0.026844 0.055187
0 0.455281 0.355344 0.100687 0.058937
3 0.399828 0.362646 0.019250 0.064167
3 0.427344 0.320833 0.207813 0.141667
0 0.314063 0.558333 0.625000 0.712500