1 0.140305 0.651615 0.086297 0.039479
1 0.257937 0.650625 0.077469 0.035708
1 0.593219 0.665812 0.020906 0.051042
1 0.403469 0.668615 0.057625 0.056562
1 0.628914 0.663979 0.052797 0.061292
1 0.549516 0.648760 0.017813 0.034104
1 0.431844 0.660229 0.032313 0.044667
1 0.456742 0.651427 0.024766 0.029396
1 0.504711 0.652031 0.027234 0.029062
1 0.572641 0.649292 0.041906 0.049208
1 0.581242 0.660542 0.024734 0.043042
0 0.022742 0.645938 0.015797 0.033208
1 0.471812 0.645000 0.011219 0.011417
0 0.031937 0.714562 0.035906 0.116792
1 0.446320 0.655542 0.016766 0.034208