4 0.867102 0.851958 0.080984 0.036500
5 0.616063 0.801646 0.052875 0.019667
0 0.240023 0.752979 0.073109 0.125542
0 0.382414 0.739885 0.078891 0.139146
0 0.444539 0.672188 0.037266 0.173917
0 0.558109 0.732594 0.060969 0.140312
0 0.769023 0.746667 0.059859 0.122250
0 0.855914 0.783792 0.098047 0.168750
0 0.713336 0.676500 0.039266 0.060458
0 0.373359 0.644594 0.024969 0.043104
0 0.408109 0.692896 0.033187 0.082958
0 0.846320 0.691042 0.036828 0.064083
4 0.554656 0.777615 0.059094 0.136396
0 0.514656 0.685448 0.039031 0.165354
0 0.517391 0.612802 0.047844 0.080312
0 0.347656 0.634323 0.023719 0.047063
0 0.501563 0.681250 0.993750 0.237500