3 0.698688 0.708431 0.066562 0.116112
2 0.107375 0.194215 0.209031 0.255363
2 0.832875 0.315738 0.334250 0.379297
2 0.630047 0.086230 0.035406 0.095082
0 0.857273 0.206077 0.166797 0.405410
0 0.939312 0.130902 0.112437 0.251686
0 0.419055 0.079778 0.151422 0.159555
0 0.063062 0.141194 0.095937 0.282389
3 0.708016 0.640527 0.030062 0.039649
0 0.667000 0.071511 0.063313 0.140867
0 0.480625 0.040937 0.032188 0.048806
2 0.304617 0.227939 0.205172 0.342717
2 0.555125 0.280468 0.097219 0.177377
0 0.456289 0.552646 0.270109 0.894707
0 0.307438 0.172799 0.128688 0.344005