1 0.192977 0.318204 0.116141 0.082344
1 0.272539 0.248766 0.022484 0.022419
0 0.862047 0.477843 0.126156 0.489950
0 0.742156 0.339776 0.071969 0.134863
0 0.666953 0.347818 0.042812 0.161172
0 0.071102 0.385399 0.080266 0.258429
0 0.168625 0.374377 0.046250 0.184514
0 0.123750 0.370985 0.051625 0.183117
0 0.362289 0.294264 0.022828 0.087581
0 0.309008 0.294289 0.014234 0.070923
0 0.212531 0.284165 0.024813 0.047681
0 0.188406 0.346234 0.036312 0.159252
2 0.216977 0.344401 0.034734 0.063466
1 0.258852 0.292681 0.068141 0.043167
0 0.142758 0.317768 0.022953 0.082419
0 0.250383 0.299327 0.017078 0.082594
0 0.576078 0.290474 0.014188 0.054115
1 0.700852 0.335087 0.039734 0.049227
1 0.309117 0.279776 0.038234 0.054165
0 0.396094 0.359102 0.785937 0.219451