0 0.200545 0.602980 0.095030 0.098360
0 0.706475 0.496080 0.104141 0.164760
0 0.144596 0.578420 0.040061 0.032800
0 0.861949 0.636530 0.017354 0.027340
0 0.582101 0.644540 0.035636 0.080920
0 0.480040 0.628280 0.041091 0.067080
0 0.319051 0.597290 0.044646 0.041660
0 0.685242 0.754860 0.037192 0.093240
0 0.444717 0.587520 0.032869 0.061000
4 0.414707 0.618950 0.044323 0.055140
4 0.664646 0.665000 0.248485 0.436000
4 0.355263 0.614150 0.056626 0.062740
0 0.206707 0.587260 0.033939 0.049880
0 0.844626 0.632700 0.011960 0.018960