4 0.436904 0.599617 0.189958 0.202109
4 0.486611 0.886023 0.334017 0.206453
4 0.581642 0.626836 0.049728 0.065891
0 0.538253 0.533773 0.086883 0.152984
0 0.487688 0.515281 0.133159 0.172125
0 0.987458 0.570820 0.025084 0.095859
0 0.633891 0.585625 0.042050 0.093625
6 0.559791 0.599781 0.030000 0.024563
5 0.398766 0.481586 0.076025 0.047922
0 0.776810 0.735953 0.446381 0.505625
0 0.971444 0.548266 0.026067 0.034625
4 0.646339 0.607922 0.040669 0.034875
4 0.777699 0.800273 0.047071 0.052453
0 0.622960 0.685508 0.317887 0.349172