3 0.386865 0.391656 0.320354 0.299219
4 0.718281 0.685664 0.490312 0.524734
4 0.309792 0.261734 0.086125 0.162875
0 0.593542 0.525945 0.625083 0.772047
6 0.601510 0.301164 0.039729 0.038703
0 0.898500 0.275281 0.203000 0.348312
0 0.847802 0.201734 0.155813 0.162625
0 0.339396 0.179266 0.143167 0.243844
0 0.183677 0.211695 0.257063 0.291797
0 0.104010 0.122805 0.126771 0.133328
3 0.027896 0.191203 0.023875 0.050500
3 0.016917 0.155258 0.030083 0.017703
4 0.753552 0.931461 0.482396 0.110109
5 0.332490 0.487523 0.271896 0.058078
3 0.121427 0.179023 0.026229 0.048234
3 0.102021 0.179289 0.020792 0.046141
5 0.217948 0.392555 0.178229 0.145297