6 0.079664 0.809073 0.071203 0.122562
6 0.058914 0.725292 0.072984 0.116542
0 0.331227 0.213510 0.261859 0.427021
0 0.234273 0.066292 0.064047 0.123583
0 0.078500 0.124490 0.077031 0.133021
0 0.645117 0.130698 0.044016 0.075438
0 0.810695 0.378500 0.257297 0.756417
0 0.612547 0.305698 0.153188 0.341812
0 0.178656 0.154500 0.075906 0.131042
0 0.204695 0.273146 0.107391 0.317667
0 0.188148 0.067792 0.035109 0.095417
3 0.107305 0.619750 0.053203 0.153375
3 0.055867 0.206146 0.018297 0.060292
6 0.476305 0.591073 0.046609 0.101604
4 0.649703 0.511365 0.088000 0.111271
4 0.076883 0.520135 0.148453 0.199604
4 0.496430 0.289719 0.088203 0.185271
4 0.592789 0.375750 0.130828 0.195083
4 0.944852 0.409906 0.110078 0.193146
4 0.251133 0.407740 0.042859 0.173104
4 0.152664 0.138219 0.026109 0.031438
4 0.041047 0.404885 0.082094 0.075813
5 0.142297 0.252927 0.073906 0.091438
5 0.053328 0.112948 0.051094 0.037896
5 0.136391 0.200333 0.070250 0.015333
0 0.215125 0.073823 0.032156 0.098687
0 0.014391 0.188344 0.028781 0.173271
6 0.207016 0.465479 0.046219 0.073792
6 0.636023 0.543229 0.047203 0.034625
6 0.668484 0.245260 0.015563 0.031604
6 0.660555 0.236240 0.015422 0.035979
6 0.067242 0.320365 0.016297 0.039854
0 0.046281 0.335000 0.091063 0.301167
4 0.960070 0.922563 0.079859 0.154875