3 0.528352 0.532725 0.027672 0.119199
3 0.560750 0.497549 0.016938 0.052559
4 0.879305 0.775859 0.175859 0.424570
0 0.703516 0.540273 0.390219 0.529297
0 0.860625 0.497402 0.182125 0.446133
0 0.948031 0.309189 0.103937 0.457441
0 0.394664 0.212256 0.121297 0.227910
0 0.415156 0.378125 0.088906 0.168945
0 0.387688 0.397041 0.155031 0.216035
0 0.324437 0.365010 0.032656 0.168066
0 0.486852 0.365898 0.077766 0.188125
0 0.971906 0.352803 0.056188 0.373027
0 0.633789 0.300576 0.031609 0.111348
0 0.740641 0.240186 0.072281 0.119395
2 0.565031 0.359844 0.135781 0.112930
3 0.525273 0.473838 0.023578 0.103184
0 0.753023 0.340957 0.096109 0.174687