0 0.428094 0.638624 0.087000 0.396871
0 0.320094 0.608306 0.159688 0.755059
0 0.967086 0.653247 0.065828 0.665176
0 0.891445 0.514282 0.106828 0.291765
0 0.223008 0.557835 0.102609 0.533271
3 0.875227 0.525141 0.016984 0.080541
3 0.829461 0.514282 0.019016 0.096612
3 0.808258 0.515424 0.021172 0.092824
3 0.781594 0.504965 0.014438 0.069741
3 0.511781 0.548412 0.022687 0.082988
3 0.461211 0.554353 0.022078 0.082871
3 0.486094 0.553624 0.028625 0.093412
3 0.809164 0.407365 0.014297 0.061835
3 0.880750 0.518612 0.023438 0.086259
3 0.842234 0.405400 0.017500 0.065529
0 0.498797 0.434953 0.026906 0.067929
0 0.569305 0.400341 0.042484 0.115506
0 0.392039 0.503612 0.043891 0.211553
3 0.848266 0.515529 0.018688 0.069929
0 0.692617 0.604729 0.167484 0.773459