0 0.512250 0.308969 0.014250 0.072979
0 0.646914 0.469083 0.038078 0.048792
1 0.344156 0.676208 0.114062 0.112208
1 0.735758 0.909583 0.146734 0.152583
1 0.350594 0.610708 0.112000 0.071417
1 0.151211 0.692771 0.114297 0.120083
1 0.212422 0.583219 0.092437 0.120313
1 0.528352 0.771500 0.119328 0.129000
1 0.217172 0.512135 0.092656 0.098229
1 0.283844 0.412396 0.065687 0.093667
1 0.433047 0.281021 0.057250 0.068583
1 0.673016 0.510896 0.090563 0.063083
1 0.511633 0.417313 0.064922 0.088167
1 0.610344 0.680740 0.050375 0.108521
1 0.319844 0.332677 0.055906 0.060854
1 0.439063 0.339583 0.600000 0.554167