1 0.881406 0.324469 0.068781 0.116771
0 0.080414 0.392219 0.160828 0.442437
0 0.090367 0.250000 0.173984 0.189208
0 0.398547 0.366812 0.319500 0.224208
0 0.822664 0.374604 0.074547 0.181125
0 0.630883 0.300021 0.017516 0.060375
0 0.681063 0.318198 0.023719 0.078729
0 0.753391 0.307656 0.017875 0.097063
0 0.113945 0.312969 0.083641 0.176604
0 0.612422 0.303583 0.046406 0.067333
1 0.646711 0.285490 0.030797 0.026771
0 0.346539 0.276469 0.060047 0.117146
0 0.308180 0.251781 0.009078 0.021729
0 0.445609 0.243260 0.073875 0.075521
0 0.364570 0.306125 0.057766 0.084500
0 0.585938 0.410417 0.825000 0.366667