0 0.465164 0.538198 0.286516 0.653937
0 0.149250 0.584240 0.205219 0.400229
0 0.210805 0.297688 0.112984 0.200875
0 0.277445 0.579781 0.126328 0.240312
0 0.937500 0.295042 0.121625 0.157667
6 0.745633 0.235458 0.020859 0.044958
4 0.066687 0.305740 0.111469 0.051813
4 0.130937 0.255094 0.083719 0.036896
4 0.136672 0.306031 0.047438 0.053562
4 0.118320 0.384844 0.102953 0.041729
4 0.017070 0.390594 0.034141 0.042229
0 0.626078 0.648896 0.137125 0.240250
0 0.906813 0.567948 0.186375 0.379771
0 0.815727 0.281469 0.103141 0.186062
0 0.975281 0.221354 0.049437 0.159542
0 0.719859 0.327646 0.085156 0.096083
4 0.577594 0.280687 0.051625 0.136292
4 0.085656 0.349469 0.108375 0.062354
4 0.259094 0.281813 0.070125 0.038958
4 0.240930 0.244771 0.042797 0.040750
4 0.521672 0.145021 0.049875 0.041042
0 0.047492 0.206969 0.094984 0.168729
0 0.628461 0.258385 0.097391 0.255896
0 0.547562 0.240958 0.098625 0.289000
0 0.499219 0.468750 0.998437 0.937500