2 0.950516 0.627698 0.060375 0.093354
0 0.544773 0.453354 0.046734 0.150833
0 0.881555 0.554531 0.062922 0.165188
0 0.954281 0.584281 0.059625 0.159854
0 0.045336 0.263042 0.023297 0.059458
0 0.203867 0.554281 0.020297 0.047938
1 0.415547 0.766896 0.375000 0.301792
1 0.204773 0.589885 0.358984 0.285396
1 0.152523 0.403375 0.261234 0.141583
1 0.530242 0.269812 0.117516 0.070375
1 0.806516 0.261448 0.036437 0.039562
1 0.842750 0.255802 0.044344 0.039104
1 0.972328 0.262167 0.053406 0.046708
1 0.025312 0.558854 0.050625 0.129292
1 0.034555 0.335448 0.069109 0.138021
1 0.389328 0.211719 0.027875 0.038771
1 0.235664 0.176750 0.024547 0.037458
1 0.897555 0.247458 0.054047 0.035583
0 0.078609 0.278052 0.025938 0.089188
1 0.489266 0.249521 0.068594 0.041708
0 0.418797 0.443750 0.061187 0.160292
1 0.610938 0.229167 0.775000 0.245833