3 0.105422 0.803357 0.098969 0.393286
3 0.039648 0.791549 0.079297 0.410986
3 0.017141 0.659014 0.028563 0.182394
3 0.085453 0.344002 0.016906 0.082606
3 0.100625 0.342688 0.013750 0.086690
3 0.130852 0.340411 0.011172 0.072934
3 0.247109 0.499225 0.011719 0.042300
3 0.401516 0.437300 0.013656 0.071596
3 0.389008 0.439777 0.015422 0.071573
3 0.377859 0.439026 0.011781 0.075282
4 0.782930 0.498404 0.134141 0.163146
4 0.882023 0.471608 0.053734 0.116596
0 0.503992 0.514812 0.198828 0.287418
3 0.068937 0.345939 0.014094 0.091362
3 0.115656 0.342535 0.015875 0.079812
3 0.055547 0.342923 0.014406 0.084390
3 0.357031 0.455399 0.614062 0.408451