4 0.526812 0.583009 0.162406 0.318899
4 0.677312 0.478618 0.163844 0.313770
4 0.067195 0.191979 0.134391 0.250984
0 0.660930 0.368560 0.152359 0.469859
0 0.501750 0.467319 0.175063 0.392951
0 0.207266 0.348103 0.146469 0.411288
0 0.269414 0.098407 0.123797 0.193021
5 0.449562 0.380363 0.076812 0.108361
5 0.571500 0.263888 0.096344 0.127073
5 0.320359 0.307588 0.091625 0.102810
5 0.422250 0.396393 0.021031 0.069836
4 0.380922 0.226194 0.081250 0.064145
4 0.124398 0.322588 0.021203 0.080164
4 0.159820 0.473361 0.089766 0.184286
4 0.291852 0.142260 0.132516 0.245410