1 0.442508 0.319948 0.214922 0.136479
1 0.545312 0.313635 0.056281 0.070896
1 0.108547 0.338333 0.206156 0.108000
1 0.101352 0.809688 0.199328 0.360375
0 0.322422 0.374010 0.108438 0.423063
0 0.231203 0.320656 0.032750 0.208729
0 0.150164 0.409615 0.132547 0.371354
2 0.281461 0.678281 0.326953 0.543812
2 0.689766 0.372000 0.064656 0.156417
2 0.746914 0.371917 0.091422 0.157042
2 0.773234 0.388021 0.100500 0.144167
2 0.818539 0.380781 0.074734 0.160479
2 0.671992 0.363885 0.062328 0.164062
2 0.844227 0.374385 0.030828 0.145521
0 0.397422 0.377437 0.119656 0.329458