4 0.171477 0.739533 0.228891 0.318925
4 0.567883 0.576484 0.033766 0.145164
4 0.713617 0.735386 0.175516 0.287453
4 0.790492 0.600245 0.174203 0.252967
4 0.029805 0.637488 0.050359 0.183481
0 0.492102 0.342582 0.069047 0.059369
0 0.115727 0.444182 0.063141 0.117570
0 0.312430 0.383879 0.068922 0.067617
0 0.622227 0.619895 0.281891 0.565023
0 0.474555 0.497500 0.168203 0.303925
0 0.774023 0.518400 0.130609 0.334836
0 0.974875 0.400456 0.050094 0.145818
0 0.908766 0.359720 0.072375 0.132617
0 0.243359 0.351110 0.086688 0.194416
1 0.116039 0.353505 0.080672 0.094299
1 0.161008 0.314334 0.042547 0.048762
3 0.362563 0.526904 0.035469 0.132453
6 0.489172 0.605584 0.027906 0.105093
6 0.412727 0.735350 0.039734 0.163832
6 0.300391 0.465783 0.019969 0.038061
6 0.284773 0.461624 0.017172 0.060678
6 0.942469 0.459591 0.107438 0.039836
6 0.541055 0.396495 0.007172 0.022477
4 0.982320 0.668002 0.035359 0.220023
4 0.108242 0.494544 0.063609 0.055818
4 0.111180 0.550643 0.049266 0.083014
0 0.061805 0.448925 0.049203 0.123271
0 0.684172 0.301589 0.026562 0.124953
4 0.151195 0.864766 0.302391 0.270467
4 0.023836 0.506402 0.039422 0.061075
4 0.844477 0.418119 0.071266 0.037921
0 0.219164 0.622932 0.209641 0.520724
0 0.391859 0.418890 0.132719 0.161192
1 0.205508 0.318867 0.048984 0.043341
1 0.017125 0.353341 0.034250 0.111542
6 0.395156 0.554077 0.028875 0.075818
4 0.867070 0.875946 0.265859 0.248107
4 0.581492 0.466776 0.046422 0.089766
0 0.526563 0.342290 0.753125 0.231308