2 0.281336 0.709871 0.430953 0.390562
0 0.175320 0.645269 0.098953 0.373021
0 0.049562 0.828185 0.099125 0.341803
0 0.047188 0.633126 0.093812 0.367845
0 0.632219 0.410925 0.036062 0.062365
0 0.686602 0.459450 0.083203 0.149297
0 0.820414 0.451710 0.037266 0.094941
0 0.841305 0.446066 0.035734 0.096159
2 0.669148 0.510878 0.058484 0.088407
1 0.114570 0.493724 0.229141 0.271616
1 0.559648 0.781183 0.751953 0.414122
0 0.838875 0.886206 0.169844 0.223185
1 0.393172 0.939215 0.672406 0.121569
0 0.721570 0.443044 0.055578 0.135925
0 0.602266 0.430515 0.062375 0.119578