3 0.221117 0.458344 0.015953 0.051104
3 0.845266 0.212198 0.029031 0.124729
3 0.871516 0.218604 0.022812 0.110083
3 0.816437 0.227615 0.021031 0.088063
4 0.795164 0.902156 0.290328 0.174187
3 0.835047 0.320896 0.014688 0.069833
6 0.362781 0.714865 0.042594 0.090979
3 0.891703 0.225708 0.019500 0.095708
3 0.844422 0.536521 0.021844 0.093875
3 0.785219 0.321594 0.016281 0.058354
6 0.181992 0.467458 0.019609 0.046250
6 0.299125 0.737385 0.052750 0.065187
6 0.257125 0.462594 0.017281 0.030896
6 0.550102 0.465156 0.024734 0.032979
3 0.913023 0.210000 0.034234 0.117625
3 0.888781 0.168771 0.013125 0.017917
3 0.857508 0.183177 0.012922 0.039854
3 0.261414 0.462021 0.009484 0.030875
4 0.102094 0.816573 0.204188 0.361104