2 0.205453 0.311874 0.138875 0.171663
2 0.342383 0.279157 0.111234 0.226792
2 0.222945 0.270234 0.131203 0.278361
1 0.370242 0.662775 0.638766 0.475340
0 0.620750 0.464696 0.074156 0.265082
0 0.478633 0.441862 0.060234 0.170234
0 0.716031 0.532740 0.073250 0.333911
0 0.555945 0.440480 0.076016 0.215199
0 0.906742 0.530422 0.085078 0.393724
0 0.786141 0.537998 0.068437 0.362084
0 0.972695 0.534379 0.054609 0.438923
0 0.135266 0.433255 0.032438 0.094520
0 0.821734 0.481792 0.047125 0.237541
2 0.400781 0.272096 0.113312 0.227939
0 0.025789 0.479239 0.019797 0.156323
0 0.082625 0.453583 0.035906 0.129274
0 0.052203 0.481440 0.029125 0.165738
0 0.551516 0.472119 0.051125 0.182272
2 0.369750 0.324543 0.124250 0.161265
0 0.477344 0.525761 0.951562 0.325527