3 0.245578 0.154521 0.018250 0.070125
3 0.832000 0.398687 0.019500 0.043542
3 0.883391 0.446990 0.034469 0.080062
3 0.861867 0.424240 0.024859 0.106146
3 0.647430 0.082229 0.018984 0.063000
3 0.674531 0.065125 0.036156 0.089167
0 0.760055 0.725969 0.132922 0.423729
6 0.177539 0.443260 0.031047 0.058021
3 0.715242 0.186927 0.043609 0.095146
3 0.709688 0.060656 0.039719 0.087271
3 0.754133 0.307115 0.035203 0.065604
3 0.721594 0.306406 0.038094 0.067396
3 0.814289 0.309094 0.038953 0.072729
3 0.755719 0.192021 0.047438 0.109083
3 0.291969 0.129729 0.031594 0.126375
0 0.126391 0.490083 0.186406 0.544917