1 0.897500 0.779929 0.205000 0.417972
0 0.264719 0.653078 0.081937 0.372948
0 0.910195 0.530401 0.050734 0.108113
0 0.632477 0.707759 0.093672 0.421368
0 0.806945 0.659682 0.101484 0.419929
0 0.128781 0.638632 0.078906 0.357311
0 0.049594 0.639965 0.089031 0.311014
0 0.470461 0.761509 0.098109 0.468774
0 0.569438 0.712300 0.068625 0.408797
0 0.236461 0.550460 0.049891 0.177052
0 0.865687 0.530212 0.046500 0.149387
0 0.453531 0.748113 0.105750 0.433679
0 0.314680 0.608585 0.053297 0.266038
0 0.356258 0.649033 0.081172 0.295755
0 0.568750 0.643868 0.837500 0.424528