2 0.583430 0.843595 0.136016 0.167377
2 0.753453 0.753244 0.118813 0.228782
1 0.362352 0.627155 0.230078 0.275855
0 0.393227 0.504754 0.037484 0.113630
0 0.568234 0.641581 0.116937 0.357307
0 0.879102 0.517998 0.041328 0.115433
0 0.529398 0.508548 0.024797 0.086323
0 0.664547 0.505585 0.024188 0.087471
0 0.689937 0.509391 0.016594 0.084731
0 0.709812 0.504368 0.032094 0.084707
0 0.165766 0.454192 0.044438 0.231335
0 0.579336 0.502646 0.014453 0.087681
1 0.269602 0.482916 0.217172 0.079368
2 0.704523 0.535831 0.023891 0.063607
2 0.873094 0.709602 0.035844 0.172459
0 0.767453 0.653255 0.120063 0.365386