3 0.764961 0.529521 0.047797 0.152875
3 0.835711 0.657260 0.056672 0.306229
3 0.755211 0.752042 0.059391 0.340167
3 0.710484 0.580646 0.040313 0.249458
4 0.948867 0.618469 0.063547 0.327146
4 0.951125 0.567167 0.029781 0.224625
0 0.211711 0.735594 0.423422 0.528813
0 0.208672 0.648531 0.360406 0.577604
0 0.412922 0.425844 0.239312 0.348312
0 0.687641 0.385396 0.229219 0.303375
0 0.866289 0.477531 0.262922 0.478646
6 0.442211 0.890479 0.066234 0.171417
6 0.501836 0.760625 0.050797 0.151625
6 0.768867 0.881969 0.060078 0.192479
6 0.504719 0.647604 0.040406 0.099208
6 0.439547 0.578344 0.039156 0.103729