2 0.527828 0.847247 0.179375 0.305506
2 0.378109 0.754506 0.093469 0.285852
2 0.133531 0.797358 0.117031 0.361037
2 0.191211 0.578679 0.026578 0.134642
1 0.587250 0.491531 0.027281 0.141877
1 0.979648 0.596519 0.040703 0.130716
0 0.117648 0.638580 0.161797 0.525062
0 0.451242 0.476247 0.062578 0.206173
0 0.530961 0.633235 0.190234 0.509333
0 0.375812 0.584877 0.104937 0.398790
0 0.188289 0.494272 0.049797 0.180543
0 0.777398 0.482790 0.039047 0.136049
0 0.845719 0.478333 0.029375 0.108568
0 0.828227 0.461704 0.023297 0.111457
0 0.694055 0.456049 0.027234 0.114370
2 0.052617 0.726407 0.025609 0.157309
2 0.440602 0.722988 0.028109 0.106519
0 0.060969 0.540099 0.063656 0.332691
0 0.864234 0.495642 0.036656 0.130049
0 0.916242 0.495840 0.039516 0.134790