2 0.073891 0.570187 0.059937 0.129292
2 0.416914 0.707573 0.319203 0.259729
0 0.589008 0.564510 0.166797 0.622687
0 0.947609 0.528396 0.103969 0.339625
0 0.224594 0.372573 0.019875 0.032313
0 0.076687 0.478656 0.096062 0.251688
0 0.223203 0.488385 0.085656 0.227813
0 0.178594 0.407229 0.062375 0.112333
0 0.269219 0.444792 0.058125 0.143917
0 0.034141 0.540979 0.068281 0.307833
0 0.885133 0.373094 0.032422 0.047104
0 0.248125 0.392094 0.043375 0.077271
0 0.828570 0.409562 0.041109 0.112583
0 0.677789 0.546927 0.086766 0.336396
0 0.116133 0.443479 0.054703 0.172375
0 0.499219 0.373958 0.992188 0.127083