4 0.826367 0.369359 0.055958 0.085187
4 0.926449 0.433812 0.147103 0.189094
4 0.757407 0.347609 0.085234 0.090344
0 0.469381 0.404703 0.804650 0.751125
0 0.926834 0.360727 0.146332 0.256453
0 0.803692 0.275258 0.037056 0.040672
0 0.710491 0.269938 0.019533 0.021063
6 0.950549 0.843484 0.098902 0.313031
4 0.674614 0.316359 0.038248 0.038000
4 0.475152 0.745828 0.785117 0.055375
0 0.867336 0.293953 0.093598 0.083000
0 0.739521 0.281039 0.096192 0.056109
0 0.830935 0.296953 0.066449 0.092625
0 0.935397 0.263687 0.024252 0.028313
0 0.333143 0.275812 0.111145 0.127281
0 0.776402 0.280375 0.047477 0.058313