1 0.214125 0.624635 0.047969 0.049521
0 0.070930 0.648625 0.026141 0.103417
0 0.035336 0.643437 0.031047 0.101542
0 0.101594 0.632302 0.022531 0.077687
1 0.367805 0.623406 0.053078 0.030354
2 0.033320 0.801510 0.044141 0.060146
0 0.513539 0.623771 0.015734 0.059583
0 0.480422 0.623625 0.014750 0.050917
0 0.467664 0.620115 0.012578 0.043896
0 0.432750 0.617521 0.011813 0.043000
0 0.449172 0.622833 0.012344 0.044583
0 0.526781 0.623552 0.021250 0.057813
2 0.118063 0.661448 0.025469 0.051687
1 0.163727 0.618594 0.039672 0.022062
0 0.507203 0.627615 0.022062 0.058312