1 0.289828 0.803396 0.086344 0.141965
1 0.677531 0.784988 0.088563 0.082313
1 0.773422 0.792811 0.116656 0.101741
1 0.624937 0.779266 0.065469 0.066244
1 0.577625 0.775609 0.060062 0.060672
1 0.346523 0.764042 0.046578 0.058433
1 0.501914 0.766617 0.042859 0.046418
1 0.447328 0.768085 0.017906 0.038010
0 0.201352 0.828794 0.124047 0.252910
0 0.098602 0.803333 0.041109 0.202537
0 0.062242 0.822027 0.045766 0.274751
0 0.185922 0.747102 0.022437 0.046095
0 0.152914 0.795348 0.039641 0.123333
1 0.541250 0.770535 0.051469 0.056045
1 0.480359 0.765933 0.027031 0.045945
1 0.464773 0.767251 0.025609 0.039080
1 0.899664 0.805062 0.148609 0.129030
1 0.427875 0.767823 0.022719 0.030473