1 0.705703 0.819579 0.394156 0.195280
1 0.119273 0.778516 0.084297 0.090864
1 0.810789 0.775572 0.220109 0.135724
1 0.558727 0.783248 0.198953 0.109159
1 0.220102 0.720070 0.018797 0.015701
1 0.093477 0.727325 0.024578 0.022173
0 0.270977 0.757009 0.029078 0.095981
0 0.130695 0.747734 0.008172 0.006121
0 0.917594 0.701577 0.021813 0.030023
1 0.539719 0.718259 0.047563 0.050304
1 0.157492 0.726636 0.016359 0.019439
1 0.181461 0.721682 0.014172 0.017804
1 0.234398 0.721706 0.009828 0.012150
0 0.168172 0.738727 0.008563 0.044042