0 0.418078 0.643010 0.160469 0.686938
0 0.162641 0.637083 0.166844 0.703375
0 0.957625 0.556354 0.059937 0.275542
0 0.836414 0.539406 0.046328 0.220729
0 0.823727 0.459469 0.019672 0.064479
5 0.049914 0.485417 0.044922 0.071792
0 0.863383 0.470990 0.023078 0.072979
0 0.882328 0.509948 0.021094 0.156104
0 0.991383 0.501583 0.017234 0.121042
0 0.088578 0.386208 0.057156 0.130333
0 0.515648 0.547458 0.044516 0.214875
4 0.821547 0.647583 0.036344 0.115917
4 0.512516 0.602771 0.017719 0.088583
4 0.487133 0.619229 0.024578 0.096333
4 0.232539 0.758604 0.100516 0.345583
4 0.048703 0.771427 0.097406 0.327271