4 0.182083 0.577422 0.358417 0.458063
4 0.250896 0.890320 0.392833 0.219359
4 0.208125 0.286062 0.163792 0.137125
0 0.805729 0.113477 0.174000 0.226953
0 0.928156 0.105031 0.143687 0.204437
5 0.548844 0.741984 0.310229 0.281875
5 0.537729 0.643242 0.226417 0.125922
0 0.709542 0.095883 0.110125 0.191641
6 0.722740 0.684633 0.090271 0.155453
4 0.260875 0.172992 0.108417 0.119391
5 0.268542 0.171250 0.081042 0.050969
5 0.391271 0.376734 0.170292 0.112125
0 0.094490 0.125125 0.174646 0.247562
4 0.205177 0.372305 0.213896 0.173703