0 0.622211 0.631157 0.268422 0.737686
0 0.506055 0.412559 0.182516 0.618834
0 0.352094 0.521875 0.222156 0.705709
6 0.791875 0.757128 0.047844 0.080101
3 0.730922 0.617660 0.061375 0.051402
6 0.758070 0.659907 0.038703 0.048598
3 0.855102 0.742179 0.073141 0.168581
3 0.818422 0.401799 0.031719 0.113666
3 0.926133 0.399417 0.038859 0.101166
3 0.855836 0.384873 0.033141 0.109578
3 0.767633 0.396106 0.045641 0.116875
3 0.912852 0.387356 0.035047 0.103834
3 0.836812 0.379519 0.018812 0.110422
3 0.816672 0.668454 0.039469 0.065186
3 0.850430 0.338986 0.014609 0.060642
3 0.867188 0.424552 0.027000 0.067551
6 0.808461 0.617500 0.061797 0.109257
6 0.975492 0.788285 0.049016 0.109949