4 0.311830 0.684632 0.087288 0.048546
4 0.363448 0.660286 0.112320 0.087761
4 0.544101 0.641781 0.059248 0.034575
0 0.632606 0.588342 0.107631 0.121650
0 0.698472 0.583783 0.042402 0.077827
6 0.161528 0.838513 0.100245 0.115654
6 0.551846 0.718505 0.045131 0.052369
6 0.299788 0.720833 0.050294 0.059444
6 0.629755 0.652263 0.028105 0.031520
6 0.681307 0.673064 0.033791 0.031062
0 0.053758 0.607141 0.047484 0.149641
6 0.514118 0.671225 0.041667 0.038497
6 0.842116 0.639265 0.022402 0.016242
6 0.210245 0.621225 0.026275 0.021176
6 0.809436 0.634992 0.026716 0.015212
6 0.751364 0.656863 0.025899 0.030229
6 0.777966 0.624877 0.018186 0.033350
4 0.132369 0.688725 0.138562 0.103105
0 0.567516 0.554330 0.066765 0.168235
0 0.905899 0.632549 0.127549 0.217059
4 0.905866 0.763105 0.128922 0.058562
4 0.459641 0.661626 0.074477 0.037239