0 0.322352 0.120234 0.118734 0.200000
0 0.130156 0.116542 0.152594 0.219252
0 0.025977 0.288621 0.051953 0.576449
0 0.431750 0.187161 0.038312 0.086332
3 0.285102 0.196600 0.015828 0.085304
3 0.805641 0.335619 0.009594 0.049182
3 0.258977 0.195502 0.016672 0.081846
3 0.432828 0.195152 0.013625 0.065210
3 0.712695 0.106939 0.010828 0.055280
3 0.778797 0.336449 0.012750 0.047617
3 0.794781 0.116180 0.011125 0.055584
3 0.319609 0.192208 0.024313 0.103902
3 0.804258 0.265187 0.012891 0.049860
3 0.885008 0.197395 0.008672 0.041565
3 0.808086 0.116040 0.009703 0.051192
3 0.822148 0.116694 0.013203 0.046939
3 0.888883 0.340748 0.009266 0.042290
3 0.533594 0.237150 0.773438 0.385514