1 0.191927 0.562086 0.383854 0.165703
0 0.653500 0.609781 0.139667 0.254188
0 0.412417 0.535414 0.086042 0.191453
0 0.600635 0.522211 0.078188 0.097047
0 0.821073 0.505391 0.059479 0.133063
0 0.736406 0.484695 0.016563 0.027547
2 0.659490 0.685383 0.050813 0.146328
2 0.605167 0.582258 0.019750 0.087109
0 0.191635 0.475820 0.043021 0.028047
0 0.134687 0.536875 0.025583 0.024281
0 0.721365 0.484844 0.016813 0.032594
0 0.773510 0.504219 0.027271 0.087656
0 0.751010 0.485773 0.016146 0.035141
0 0.903927 0.502805 0.035729 0.091391
1 0.486427 0.503727 0.081104 0.059547