1 0.822477 0.823279 0.273203 0.189649
0 0.633234 0.654356 0.022969 0.058454
0 0.607805 0.938044 0.088109 0.113466
0 0.748953 0.972892 0.033406 0.054215
0 0.252172 0.750023 0.038406 0.058220
0 0.443523 0.633735 0.010203 0.065035
0 0.706172 0.627143 0.018531 0.085667
0 0.249617 0.698536 0.027297 0.110375
0 0.432570 0.730211 0.030578 0.115691
1 0.240977 0.594274 0.034109 0.033185
1 0.277078 0.603466 0.045750 0.037518
1 0.329242 0.600948 0.044203 0.035293
0 0.376758 0.849941 0.077891 0.149391
0 0.301023 0.627272 0.014641 0.052904
0 0.285187 0.668407 0.013719 0.052084
0 0.276820 0.797646 0.082078 0.114965
0 0.528211 0.609684 0.008016 0.017213
0 0.398438 0.695550 0.796875 0.257611