1 0.936109 0.146440 0.127781 0.117986
1 0.265656 0.115059 0.072063 0.034192
1 0.117633 0.125164 0.117703 0.048876
1 0.519430 0.114403 0.041391 0.027026
1 0.330242 0.162799 0.134922 0.068361
1 0.718938 0.114450 0.051000 0.030679
1 0.070938 0.114075 0.043281 0.038033
0 0.650734 0.145738 0.023938 0.098642
0 0.704555 0.150398 0.018078 0.092319
0 0.836570 0.103747 0.026703 0.106698
0 0.174937 0.184637 0.020719 0.105105
1 0.435320 0.138279 0.105484 0.050000
1 0.625617 0.114520 0.036391 0.023981
1 0.192922 0.103653 0.053031 0.041733
1 0.852406 0.138185 0.036531 0.053279
1 0.471711 0.102658 0.020141 0.034543
1 0.348344 0.092436 0.042906 0.018689