4 0.415250 0.403510 0.082063 0.145229
4 0.954047 0.480844 0.051969 0.117021
4 0.952617 0.567167 0.094766 0.157542
4 0.795125 0.815021 0.409750 0.369958
0 0.161797 0.652958 0.323594 0.667417
0 0.752836 0.575896 0.286297 0.504417
6 0.552016 0.458854 0.029000 0.030167
6 0.377367 0.635667 0.050109 0.088042
5 0.576469 0.581260 0.201469 0.207687
5 0.670594 0.484979 0.121969 0.149083
5 0.260391 0.592135 0.207313 0.222479
4 0.274883 0.476969 0.061578 0.022646
4 0.133305 0.916760 0.266609 0.163646
0 0.160594 0.426229 0.169844 0.336333
0 0.518258 0.330333 0.166859 0.265167
5 0.624992 0.408438 0.127516 0.105708
0 0.859500 0.465365 0.137594 0.361771