2 0.250359 0.878096 0.166594 0.221145
1 0.470969 0.568248 0.041781 0.042710
0 0.232180 0.725841 0.139766 0.453925
0 0.735703 0.722710 0.113062 0.500280
0 0.831055 0.690631 0.087172 0.397757
0 0.631117 0.629217 0.081766 0.254322
0 0.044789 0.573867 0.012109 0.057874
0 0.053453 0.573224 0.008594 0.055421
0 0.061711 0.570012 0.015766 0.066238
0 0.590156 0.564159 0.009750 0.056402
0 0.577977 0.561729 0.009859 0.045888
0 0.690727 0.574287 0.038297 0.161051
2 0.309828 0.843119 0.083625 0.299369
0 0.568734 0.547383 0.008031 0.028598
0 0.782000 0.612558 0.029375 0.150210
1 0.434539 0.556682 0.024609 0.026402
1 0.386367 0.567301 0.039297 0.032921