2 0.824195 0.500709 0.131828 0.390618
0 0.616688 0.506762 0.181469 0.772517
0 0.414891 0.551568 0.186781 0.699565
0 0.192570 0.507860 0.207141 0.764050
2 0.784109 0.586133 0.061375 0.175286
2 0.939828 0.364611 0.075187 0.238192
2 0.939820 0.548879 0.069047 0.224714
2 0.833953 0.447941 0.130438 0.312357
2 0.596883 0.519851 0.217891 0.460664
2 0.718875 0.606373 0.059844 0.229222
2 0.879219 0.490034 0.125812 0.417963
2 0.932852 0.569771 0.057078 0.237025
2 0.739961 0.619256 0.073422 0.210870
2 0.123477 0.702574 0.151984 0.257094
2 0.769055 0.499703 0.106797 0.421190