4 0.926641 0.651479 0.144375 0.332019
4 0.814102 0.579742 0.147766 0.308169
4 0.377609 0.410446 0.052750 0.099061
4 0.354516 0.508732 0.122094 0.113615
0 0.865312 0.898885 0.264750 0.175282
0 0.196695 0.389883 0.139109 0.451690
0 0.403945 0.389167 0.088016 0.355000
0 0.450469 0.444167 0.094469 0.230211
0 0.550680 0.401901 0.101016 0.239859
0 0.558680 0.499624 0.148078 0.226948
0 0.278094 0.766890 0.208375 0.436925
0 0.708930 0.565493 0.109672 0.251831
0 0.857836 0.669660 0.106203 0.296643
0 0.287781 0.452265 0.079687 0.149413
0 0.345086 0.521080 0.104172 0.175775
6 0.438672 0.585423 0.036000 0.069953
6 0.625188 0.659472 0.037531 0.086878
6 0.420203 0.803075 0.053969 0.134038
6 0.767500 0.832664 0.056813 0.112042
6 0.352117 0.599577 0.025266 0.060188
6 0.459047 0.565305 0.030406 0.073192
4 0.099609 0.744460 0.199219 0.511080
0 0.062734 0.332066 0.118813 0.382300
3 0.405227 0.583251 0.025359 0.119038
0 0.392188 0.411972 0.409375 0.485915