6 0.110720 0.405440 0.168107 0.189120
6 0.835053 0.211070 0.068827 0.045780
6 0.609280 0.293370 0.042080 0.079940
6 0.863373 0.201000 0.049520 0.054800
6 0.899400 0.128380 0.069093 0.074320
3 0.404680 0.293230 0.091653 0.192500
3 0.343373 0.898410 0.068667 0.125860
3 0.429640 0.869270 0.096187 0.124980
3 0.288613 0.167160 0.068373 0.115680
3 0.226813 0.331920 0.092667 0.193880
3 0.518680 0.282940 0.076613 0.160400
3 0.503600 0.168980 0.071307 0.143640
3 0.277400 0.912080 0.070213 0.124120
3 0.368160 0.757590 0.069120 0.101740
3 0.363693 0.840880 0.073787 0.115640
3 0.297547 0.815320 0.063307 0.109600
6 0.705440 0.248430 0.073547 0.073900
4 0.931160 0.381950 0.137680 0.302820
3 0.300787 0.309620 0.076400 0.212120
3 0.255000 0.143440 0.053307 0.098720
3 0.346667 0.521000 0.277333 0.702000