2 0.359766 0.784015 0.056594 0.247332
1 0.377578 0.484202 0.052281 0.046608
1 0.724609 0.589302 0.134688 0.151222
1 0.508156 0.481334 0.045687 0.067756
1 0.548750 0.498965 0.048281 0.064314
0 0.344250 0.645686 0.099969 0.433716
0 0.921227 0.578554 0.030797 0.133865
0 0.932102 0.522182 0.035516 0.064663
2 0.278992 0.495549 0.018672 0.048953
0 0.920438 0.493953 0.015250 0.025461
0 0.494531 0.488379 0.014875 0.081347
0 0.904539 0.561309 0.018266 0.167955
2 0.121820 0.529377 0.043484 0.055511
1 0.037844 0.694850 0.075687 0.333342
1 0.465875 0.427880 0.011813 0.025586
1 0.307805 0.517045 0.030766 0.086259
0 0.615758 0.358753 0.014172 0.020748
0 0.396086 0.419289 0.009484 0.029451
1 0.433305 0.595923 0.141047 0.201820
0 0.369664 0.419651 0.008141 0.033117
0 0.362742 0.417756 0.005859 0.030723
0 0.955305 0.562344 0.030547 0.165486