1 0.952789 0.593735 0.094422 0.143536
0 0.336586 0.785609 0.187359 0.428782
0 0.489617 0.563689 0.162766 0.335902
0 0.847367 0.345574 0.056641 0.165293
0 0.770875 0.706077 0.141250 0.558571
0 0.394984 0.424040 0.064625 0.492201
0 0.443313 0.416710 0.113031 0.471311
0 0.575391 0.347400 0.088750 0.329649
0 0.666375 0.325129 0.097750 0.361546
0 0.740211 0.368419 0.098797 0.366534
0 0.486758 0.263970 0.074641 0.257822
0 0.126953 0.621780 0.071625 0.280562
0 0.323758 0.424040 0.114984 0.458056
0 0.626320 0.675492 0.185016 0.530281
0 0.578125 0.388759 0.725000 0.482436