2 0.239477 0.842681 0.130641 0.278197
2 0.312133 0.684098 0.077766 0.069461
0 0.497844 0.731370 0.061656 0.326909
0 0.483859 0.256756 0.021031 0.105878
0 0.670680 0.709297 0.084203 0.350913
0 0.534102 0.531136 0.050297 0.118759
0 0.473023 0.555890 0.095453 0.208970
0 0.405172 0.287131 0.031969 0.069906
0 0.414062 0.182131 0.016406 0.064824
0 0.478336 0.218911 0.020391 0.098337
0 0.510352 0.205878 0.039922 0.088993
0 0.534594 0.722646 0.050656 0.337377
0 0.539242 0.192061 0.017609 0.083044
2 0.313547 0.331429 0.023187 0.065855
2 0.230000 0.347131 0.062625 0.056792
0 0.665891 0.150480 0.101344 0.150843
0 0.527609 0.193279 0.012125 0.076300
0 0.392188 0.220141 0.275000 0.295082