2 0.302857 0.722670 0.081549 0.209687
2 0.233296 0.694504 0.045697 0.158817
2 0.153373 0.506904 0.148571 0.092174
1 0.684131 0.519330 0.265680 0.129757
1 0.917143 0.522139 0.162857 0.169078
1 0.828460 0.546643 0.039398 0.116904
1 0.515602 0.301609 0.105077 0.055809
0 0.233692 0.623896 0.068795 0.240939
0 0.315585 0.624174 0.120981 0.273183
0 0.445336 0.408226 0.030430 0.047687
1 0.783606 0.455278 0.171928 0.080052
0 0.160628 0.617930 0.089174 0.295722
2 0.169337 0.700461 0.068003 0.166522
1 0.790577 0.484817 0.040912 0.047235
1 0.828219 0.504148 0.073752 0.085270