1 0.800000 0.717200 0.400000 0.380640
1 0.522870 0.598560 0.170580 0.096427
2 0.776120 0.819093 0.241000 0.334827
2 0.534770 0.828653 0.145460 0.337200
2 0.371550 0.814573 0.190540 0.361413
2 0.250860 0.796893 0.140840 0.222907
2 0.128940 0.680533 0.173600 0.202240
2 0.276290 0.681280 0.217660 0.108587
2 0.728860 0.779733 0.144560 0.286507
2 0.552810 0.752427 0.182020 0.148320
2 0.303120 0.831200 0.105720 0.173493
2 0.205360 0.778947 0.092520 0.147653
2 0.439560 0.863360 0.111360 0.273280
2 0.233300 0.684200 0.176640 0.188880
1 0.720630 0.517853 0.142860 0.055760
2 0.339360 0.681213 0.120840 0.096240
2 0.342000 0.730667 0.668000 0.357333