2 0.385484 0.792479 0.690312 0.393542
2 0.829937 0.716958 0.340125 0.461375
2 0.210891 0.778750 0.420969 0.427958
0 0.597477 0.534458 0.389328 0.912375
2 0.866570 0.564042 0.266859 0.341583
2 0.974672 0.259490 0.037469 0.050771
4 0.345203 0.390760 0.059031 0.121604
4 0.019742 0.403333 0.035953 0.031500
0 0.075844 0.401573 0.070781 0.301104
0 0.776984 0.237115 0.019750 0.031354
0 0.808094 0.240740 0.017375 0.047438
0 0.752641 0.245927 0.029906 0.053896
0 0.133891 0.376823 0.083187 0.259313
0 0.637969 0.230021 0.025219 0.047542
0 0.920180 0.246917 0.017422 0.078542
0 0.023523 0.510427 0.047047 0.208813
2 0.779633 0.750615 0.196297 0.360479
2 0.907898 0.470604 0.184203 0.180083
2 0.450898 0.378198 0.101297 0.127229
2 0.987953 0.267115 0.024094 0.057354
2 0.746039 0.327958 0.059203 0.083542
2 0.853758 0.262896 0.041578 0.034750
3 0.350875 0.848417 0.099812 0.118833
0 0.762789 0.239250 0.009766 0.026542
2 0.893484 0.420406 0.168156 0.083437
3 0.426039 0.847365 0.049297 0.136021
0 0.697266 0.276333 0.047813 0.103333
2 0.310016 0.550187 0.181719 0.165292
3 0.307711 0.785385 0.036234 0.086979