3 0.914055 0.506948 0.032016 0.076979
3 0.305570 0.371937 0.016234 0.076500
3 0.286727 0.375677 0.022484 0.065646
3 0.321992 0.363510 0.014484 0.086937
4 0.162094 0.803229 0.195156 0.337625
4 0.298711 0.847198 0.157391 0.276229
4 0.117742 0.580104 0.112891 0.146250
4 0.629312 0.627969 0.127969 0.146854
4 0.784273 0.854115 0.256422 0.291771
4 0.289039 0.496437 0.103641 0.189042
3 0.935937 0.511354 0.018094 0.056292
3 0.953039 0.517208 0.012078 0.058792
4 0.493203 0.578771 0.039750 0.130875
4 0.790898 0.801635 0.019922 0.030646
4 0.457219 0.574771 0.050875 0.117167
4 0.391969 0.441677 0.093188 0.047354
4 0.644227 0.487094 0.112453 0.168563
4 0.963234 0.765604 0.073531 0.386667
4 0.665625 0.505208 0.193750 0.281250