2 0.850740 0.760828 0.052520 0.040994
1 0.223110 0.770663 0.094820 0.046807
0 0.685970 0.738434 0.132700 0.354940
0 0.613890 0.754337 0.050060 0.174759
1 0.809660 0.740000 0.065600 0.042349
0 0.136520 0.765361 0.019360 0.088494
0 0.850560 0.733870 0.027800 0.068825
0 0.865380 0.726009 0.015560 0.044187
0 0.948800 0.732304 0.022160 0.063223
0 0.990460 0.730151 0.017520 0.070783
0 0.380430 0.754458 0.009180 0.028373
0 0.013430 0.845286 0.026860 0.080211
2 0.950430 0.748193 0.048980 0.049157
2 0.787820 0.905166 0.195640 0.149187
1 0.487770 0.756506 0.044060 0.022108
1 0.150620 0.771988 0.068960 0.041687
1 0.390240 0.762937 0.012080 0.020572