3 0.342969 0.117756 0.022531 0.036848
3 0.393258 0.114311 0.025141 0.035511
3 0.412539 0.110000 0.025578 0.038079
3 0.532922 0.067610 0.020406 0.040271
3 0.489977 0.077860 0.023703 0.034134
3 0.508672 0.075303 0.025125 0.037286
3 0.366984 0.114770 0.020313 0.035052
3 0.446055 0.059572 0.015016 0.040647
3 0.325102 0.112317 0.015141 0.047015
3 0.397453 0.099415 0.003781 0.013612
3 0.340391 0.090637 0.015281 0.028163
3 0.434820 0.098768 0.032328 0.058121
3 0.388711 0.060616 0.015109 0.022651
3 0.396992 0.094937 0.014953 0.033800
3 0.420312 0.123173 0.278125 0.187891