0 0.061984 0.635246 0.123969 0.337311
0 0.143766 0.589413 0.116281 0.335720
0 0.902219 0.903617 0.142719 0.192765
0 0.241836 0.400114 0.112047 0.474545
0 0.370984 0.401364 0.084125 0.327652
0 0.387937 0.554621 0.123562 0.285455
0 0.440281 0.448712 0.087563 0.423561
0 0.923016 0.640758 0.151438 0.373864
0 0.509367 0.544943 0.089922 0.267386
0 0.584977 0.434375 0.061578 0.307614
0 0.608234 0.566761 0.133875 0.335568
6 0.150180 0.798428 0.023734 0.064205
6 0.020266 0.833769 0.026000 0.074508
6 0.358477 0.721572 0.020859 0.065568
6 0.523172 0.691572 0.030125 0.055492
6 0.606242 0.711761 0.019703 0.055492
6 0.703602 0.742140 0.017266 0.092311
5 0.228437 0.716496 0.095437 0.140492
0 0.964383 0.464129 0.029234 0.101364
0 0.271609 0.592197 0.127500 0.389621
6 0.484461 0.681364 0.017234 0.039167
0 0.730469 0.534091 0.535937 0.757576