0 0.819750 0.452187 0.130300 0.292107
0 0.153840 0.326813 0.023280 0.042800
4 0.708240 0.813733 0.244760 0.372533
4 0.237890 0.880520 0.299100 0.238960
4 0.134310 0.734133 0.058100 0.227307
4 0.490660 0.582960 0.065200 0.084213
4 0.914700 0.675000 0.170600 0.343973
4 0.643810 0.509267 0.101420 0.198480
4 0.593290 0.458747 0.051820 0.141760
4 0.889860 0.443400 0.062920 0.118747
4 0.341310 0.466107 0.080060 0.135040
4 0.130770 0.451333 0.024860 0.062933
4 0.707610 0.511107 0.113020 0.126320
4 0.110430 0.440680 0.064420 0.154747
5 0.288410 0.415933 0.064460 0.025573
5 0.170730 0.379213 0.046980 0.017947
5 0.239540 0.364973 0.054440 0.027867
4 0.172500 0.523920 0.124240 0.141227
5 0.192530 0.422560 0.083780 0.029280
5 0.703180 0.419733 0.083800 0.025547
5 0.186900 0.363227 0.049440 0.014080
5 0.660830 0.359427 0.040300 0.062800
5 0.502490 0.347613 0.051140 0.013573
5 0.554870 0.763867 0.191780 0.123147
5 0.443130 0.604613 0.140460 0.065280
5 0.236450 0.643373 0.124500 0.088240
5 0.298200 0.450267 0.074560 0.036907
5 0.198330 0.466720 0.076740 0.034933
4 0.374000 0.445333 0.452000 0.256000
5 0.588000 0.589333 0.820000 0.544000