1 0.745608 0.392219 0.118613 0.051156
1 0.894039 0.399562 0.205596 0.078063
1 0.452530 0.376156 0.029781 0.012812
1 0.390572 0.373031 0.013358 0.005719
0 0.579039 0.392563 0.155596 0.265750
0 0.157737 0.373477 0.041119 0.080484
0 0.122616 0.363758 0.041582 0.079109
0 0.662676 0.391211 0.056788 0.159891
1 0.482019 0.377117 0.036107 0.020141
1 0.492725 0.379023 0.028418 0.017984
1 0.425280 0.374773 0.024428 0.008734
0 0.300925 0.370922 0.009538 0.016313
0 0.087640 0.378844 0.043406 0.078687
1 0.701363 0.375625 0.025401 0.021625
1 0.409027 0.373156 0.017324 0.009813
1 0.460608 0.366031 0.026472 0.008219