1 0.902891 0.744954 0.187437 0.208986
1 0.795008 0.707431 0.101828 0.170392
2 0.608438 0.686728 0.033156 0.086083
2 0.559047 0.687615 0.029563 0.062742
2 0.190797 0.724608 0.055531 0.147604
2 0.620008 0.664528 0.011422 0.044263
0 0.230180 0.754286 0.069797 0.274931
0 0.493336 0.685634 0.034359 0.122097
0 0.471406 0.685242 0.031062 0.126475
0 0.042586 0.679113 0.035859 0.160300
0 0.014430 0.677869 0.028859 0.157811
0 0.674344 0.681797 0.025812 0.126313
0 0.691812 0.667684 0.019906 0.127074
0 0.445484 0.631302 0.014063 0.042558
0 0.535789 0.680392 0.025234 0.134240
0 0.577883 0.644194 0.018828 0.033548
0 0.710656 0.672972 0.037250 0.129862
1 0.435977 0.691624 0.037641 0.183664
0 0.742344 0.620346 0.020031 0.043180
0 0.131742 0.766959 0.120328 0.316590
0 0.469531 0.709677 0.798438 0.313364