4 0.582258 0.634406 0.229047 0.253771
4 0.074508 0.623719 0.149016 0.264188
4 0.172570 0.481333 0.059203 0.038208
4 0.070727 0.484031 0.050109 0.031438
6 0.961359 0.664740 0.021281 0.050854
5 0.896781 0.667906 0.103094 0.090479
3 0.037086 0.490646 0.020453 0.082375
3 0.231117 0.462979 0.019797 0.029875
6 0.106172 0.500635 0.012125 0.028313
6 0.205023 0.483969 0.011984 0.017937
4 0.239023 0.575000 0.082516 0.205000
4 0.885227 0.606604 0.229547 0.190375
4 0.284148 0.578948 0.015234 0.121938
6 0.171836 0.510896 0.018172 0.030667