2 0.470477 0.689833 0.045078 0.094125
0 0.760578 0.748302 0.177563 0.503396
0 0.400102 0.794208 0.144297 0.409875
0 0.087250 0.765313 0.174500 0.442958
0 0.529977 0.661771 0.080828 0.156167
0 0.656375 0.653844 0.076000 0.143562
0 0.465289 0.622833 0.049203 0.119583
0 0.430328 0.629906 0.038094 0.093312
0 0.269906 0.619542 0.030937 0.098292
0 0.305156 0.606125 0.022875 0.083625
0 0.222203 0.619677 0.028000 0.097562
2 0.134922 0.928792 0.204656 0.142417
2 0.742055 0.896469 0.107641 0.183521
2 0.534555 0.833490 0.150828 0.241854
2 0.716781 0.581094 0.021063 0.016729
1 0.674102 0.583802 0.017328 0.018021
0 0.038344 0.614073 0.076250 0.119146
0 0.017688 0.591979 0.035375 0.111125
2 0.665063 0.769094 0.040000 0.158021
2 0.365352 0.927021 0.042516 0.133750