3 0.409580 0.680380 0.053093 0.093760
3 0.458514 0.684320 0.048739 0.078000
3 0.458934 0.589580 0.035465 0.064640
3 0.564339 0.589270 0.035465 0.065780
3 0.271922 0.719670 0.042823 0.063740
4 0.636351 0.871120 0.231682 0.043480
4 0.641832 0.941700 0.252973 0.114880
4 0.400405 0.948690 0.147477 0.102620
3 0.495225 0.590890 0.032613 0.065060
3 0.530060 0.589650 0.037538 0.064420
3 0.101847 0.801850 0.052222 0.071140
3 0.425450 0.589930 0.032643 0.068180
3 0.513964 0.687300 0.039520 0.076880
3 0.023318 0.812260 0.046096 0.129000
3 0.390330 0.589730 0.038198 0.065820