4 0.206203 0.785719 0.154313 0.239354
4 0.731945 0.791844 0.166047 0.274521
0 0.485719 0.494135 0.096156 0.319438
0 0.388484 0.746073 0.274719 0.480896
0 0.630336 0.591010 0.128078 0.458437
0 0.235953 0.453604 0.119875 0.205500
0 0.103641 0.589750 0.099000 0.227458
0 0.777406 0.630010 0.118156 0.499812
0 0.186008 0.694479 0.223547 0.447917
0 0.969102 0.569656 0.061797 0.309062
1 0.168742 0.514615 0.049266 0.024313
4 0.445852 0.873250 0.162859 0.253500
4 0.276297 0.742354 0.019688 0.043958
4 0.298328 0.645844 0.034469 0.153562
4 0.102008 0.639219 0.084922 0.091729
4 0.859391 0.977271 0.137906 0.045458
6 0.490977 0.925562 0.036266 0.092250
1 0.685781 0.541802 0.034219 0.032896
1 0.710453 0.532906 0.024313 0.026646
1 0.384586 0.529896 0.102484 0.037625
1 0.904617 0.537198 0.071047 0.023104
1 0.039906 0.508396 0.022437 0.021083
0 0.921266 0.886583 0.157469 0.223542