4 0.156289 0.627523 0.042078 0.229206
4 0.129547 0.870257 0.113156 0.259486
0 0.362180 0.570783 0.393734 0.835958
6 0.666000 0.541308 0.038750 0.127009
5 0.605305 0.604544 0.258578 0.246051
0 0.490594 0.248201 0.080500 0.155234
3 0.959789 0.328703 0.024484 0.128154
3 0.801023 0.309661 0.020328 0.096051
3 0.770719 0.302921 0.022594 0.110140
3 0.745156 0.307850 0.016531 0.089159
3 0.538977 0.390467 0.037953 0.215935
3 0.515211 0.372407 0.020547 0.174112
3 0.499898 0.371974 0.023953 0.170584
3 0.466531 0.358902 0.014969 0.146121
3 0.458672 0.329825 0.015094 0.094229
3 0.126180 0.440362 0.017547 0.065724
3 0.715211 0.304264 0.016953 0.084743
3 0.486836 0.359591 0.016172 0.146379
3 0.450094 0.347079 0.009875 0.120093
3 0.461719 0.359813 0.048438 0.149533