0 0.742891 0.591865 0.023781 0.089563
0 0.322695 0.553885 0.007391 0.020688
2 0.927883 0.644437 0.088109 0.072500
2 0.783781 0.618552 0.029469 0.040396
2 0.978875 0.706708 0.041156 0.158542
2 0.826617 0.634781 0.053766 0.074938
2 0.612359 0.741656 0.056469 0.237646
2 0.916914 0.729917 0.038109 0.046375
2 0.882961 0.634802 0.066891 0.055396
2 0.865602 0.635094 0.057828 0.060438
2 0.783836 0.589781 0.039609 0.039229
2 0.796891 0.561521 0.049062 0.031333
2 0.891937 0.594500 0.043531 0.025958
2 0.884375 0.678125 0.100000 0.081250