1 0.635370 0.293267 0.072940 0.061573
1 0.535660 0.296600 0.026360 0.047707
0 0.699330 0.286987 0.034380 0.166507
0 0.766210 0.317053 0.030820 0.177573
0 0.580390 0.313560 0.039140 0.189520
0 0.371460 0.371480 0.040560 0.067280
0 0.878600 0.321520 0.057160 0.193547
0 0.550030 0.311320 0.046780 0.161733
0 0.748180 0.306427 0.029320 0.185493
0 0.919110 0.313213 0.048820 0.204187
0 0.287960 0.331480 0.028600 0.138907
0 0.353510 0.310507 0.014340 0.035467
0 0.078680 0.284467 0.039240 0.138373
0 0.838600 0.333280 0.030600 0.087253
1 0.178680 0.279400 0.067760 0.073573
1 0.352340 0.282400 0.087880 0.091627
1 0.827600 0.290373 0.055560 0.058027
0 0.231750 0.304080 0.050860 0.156693
0 0.286000 0.272000 0.392000 0.133333