1 0.085070 0.437816 0.170140 0.124127
1 0.765960 0.442771 0.088240 0.104157
1 0.448760 0.440256 0.187960 0.128645
2 0.851260 0.494819 0.192480 0.235964
2 0.061710 0.521943 0.068980 0.124548
2 0.734700 0.784834 0.290320 0.315753
0 0.605810 0.594383 0.077580 0.438223
0 0.806360 0.456837 0.047960 0.109398
0 0.417450 0.487636 0.097460 0.214970
0 0.457690 0.486551 0.076580 0.223765
0 0.727590 0.648705 0.213780 0.460663
0 0.469360 0.404352 0.041640 0.088223
0 0.562070 0.467139 0.053580 0.213012
0 0.655460 0.435648 0.039840 0.160030
0 0.077360 0.463223 0.061120 0.158554
0 0.310270 0.485105 0.069980 0.202801
0 0.850720 0.465392 0.075400 0.251566
0 0.915100 0.446566 0.022360 0.102651
0 0.715660 0.407364 0.024520 0.044789
0 0.605000 0.450301 0.682000 0.189759