0 0.291806 0.587640 0.456149 0.384280
0 0.232388 0.162930 0.063284 0.078140
0 0.624478 0.074940 0.049015 0.024400
0 0.699851 0.084060 0.046269 0.025960
0 0.799537 0.091840 0.029164 0.023960
4 0.835851 0.311020 0.090746 0.034760
4 0.727119 0.310990 0.093164 0.036460
4 0.960836 0.339000 0.076537 0.022640
4 0.890433 0.271850 0.095313 0.032140
4 0.792866 0.274640 0.092179 0.030600
4 0.642134 0.304970 0.081881 0.026460
4 0.758940 0.239700 0.087552 0.035320
4 0.814866 0.203970 0.087164 0.031500
4 0.836910 0.460980 0.127015 0.120320
4 0.726806 0.458560 0.123582 0.119440
4 0.926567 0.309830 0.087582 0.035820
4 0.775179 0.363280 0.090179 0.069760
0 0.620104 0.392760 0.166418 0.207120
0 0.473075 0.123040 0.109134 0.204360
0 0.928478 0.911690 0.135701 0.140260
0 0.181821 0.188470 0.031403 0.023780
4 0.522388 0.375000 0.949254 0.462000