2 0.855310 0.887587 0.019460 0.052507
1 0.743410 0.856653 0.056820 0.049467
1 0.707020 0.853720 0.022360 0.040400
0 0.544790 0.889107 0.061460 0.154213
0 0.144380 0.911947 0.043360 0.129120
0 0.201340 0.877173 0.036920 0.120800
0 0.907600 0.894880 0.068880 0.161120
2 0.815020 0.890053 0.022920 0.041920
1 0.613970 0.860947 0.043300 0.053093
0 0.291650 0.915853 0.053940 0.149893
0 0.123240 0.909480 0.046360 0.137787
0 0.091920 0.909627 0.040480 0.121813
0 0.578080 0.893453 0.037560 0.151067
0 0.815720 0.850933 0.029960 0.060800
0 0.855120 0.865360 0.021560 0.082347
1 0.962830 0.888360 0.072420 0.113307
1 0.774740 0.851333 0.025640 0.033867
1 0.524590 0.869053 0.028940 0.074640
1 0.137050 0.878373 0.019620 0.051787
1 0.660450 0.848867 0.044980 0.049893
0 0.384170 0.895640 0.020900 0.127867
1 0.033090 0.909573 0.065740 0.179040
2 0.881430 0.884853 0.016100 0.044480
1 0.094990 0.856347 0.027020 0.039520
0 0.348050 0.902653 0.061060 0.163280
0 0.059880 0.915320 0.027720 0.162800
0 0.643000 0.870667 0.426000 0.093333