6 0.172398 0.491264 0.231547 0.695750
0 0.956328 0.047083 0.025531 0.094111
0 0.985008 0.044167 0.021234 0.088333
1 0.840172 0.025056 0.055156 0.047778
1 0.597313 0.019333 0.030250 0.037556
4 0.939836 0.259694 0.092453 0.244056
4 0.062562 0.321347 0.112500 0.480917
4 0.443469 0.157278 0.073719 0.135944
4 0.471750 0.203319 0.028563 0.131972
4 0.941469 0.516972 0.116906 0.207833
0 0.629328 0.204208 0.387062 0.396028
6 0.304867 0.446792 0.047703 0.365361
6 0.450898 0.306431 0.030359 0.079750
4 0.849047 0.175736 0.090594 0.212417
4 0.917969 0.171736 0.060844 0.217806
4 0.986945 0.083681 0.026109 0.049083
4 0.742305 0.109028 0.086359 0.062944
4 0.741242 0.164500 0.145234 0.099833
4 0.250781 0.338889 0.420312 0.422222