3 0.850125 0.960771 0.041063 0.076833
0 0.538484 0.611240 0.382594 0.755062
0 0.326969 0.584708 0.171906 0.658417
0 0.229125 0.384292 0.065375 0.319958
0 0.749625 0.500823 0.164187 0.411438
0 0.858250 0.473042 0.142625 0.338250
0 0.919281 0.395365 0.040656 0.120021
0 0.917727 0.709219 0.164547 0.581562
0 0.591664 0.397146 0.117984 0.208333
0 0.989992 0.262583 0.020016 0.063750
0 0.105945 0.632062 0.208516 0.734958
0 0.881422 0.354969 0.041281 0.119146
0 0.831414 0.375125 0.032922 0.147792
0 0.971531 0.385375 0.056937 0.231458
0 0.555469 0.531250 0.392188 0.525000