4 0.267547 0.548323 0.032438 0.114562
4 0.112734 0.570792 0.085125 0.155875
4 0.021086 0.631583 0.042172 0.275833
0 0.170102 0.426896 0.187797 0.395708
0 0.477430 0.484760 0.179453 0.419854
0 0.594062 0.577698 0.096344 0.298021
0 0.742422 0.682021 0.224156 0.343833
6 0.169789 0.855354 0.065016 0.114500
6 0.186781 0.676708 0.038094 0.065792
6 0.392781 0.797312 0.055937 0.091000
6 0.202758 0.607833 0.018922 0.029583
6 0.149078 0.964885 0.095812 0.070104
6 0.388109 0.612229 0.036875 0.042917
4 0.661836 0.705000 0.081609 0.114625