0 0.762660 0.926240 0.044760 0.142667
0 0.685830 0.881853 0.025540 0.046907
0 0.650220 0.876467 0.033920 0.048453
0 0.234670 0.756573 0.012420 0.057093
0 0.219440 0.758253 0.019600 0.057307
0 0.127240 0.792133 0.062360 0.231467
0 0.671010 0.716787 0.012260 0.034213
0 0.072190 0.683347 0.006540 0.024720
4 0.651860 0.907413 0.034680 0.064853
4 0.694660 0.904107 0.038240 0.060427
0 0.069810 0.738507 0.024340 0.064107
0 0.046190 0.835347 0.091260 0.176987
0 0.510960 0.693227 0.003960 0.012160
0 0.196990 0.701467 0.003100 0.011680
4 0.123940 0.871573 0.046520 0.044373
4 0.032410 0.918933 0.064820 0.018560
0 0.800450 0.911813 0.056180 0.141973
0 0.031000 0.697333 0.058000 0.061333