5 0.354958 0.642273 0.298292 0.187922
5 0.822469 0.580898 0.290646 0.168547
5 0.153604 0.546328 0.247083 0.111187
5 0.562073 0.423391 0.136104 0.058750
5 0.356865 0.434906 0.093438 0.069469
5 0.321260 0.416766 0.050479 0.058313
4 0.242000 0.837461 0.459000 0.302109
4 0.871427 0.813984 0.257146 0.207156
4 0.768906 0.425031 0.105854 0.131719
4 0.666083 0.380039 0.080875 0.043234
4 0.580292 0.373531 0.054625 0.032063
4 0.460417 0.373148 0.048583 0.034859
4 0.940448 0.451977 0.058021 0.053859
4 0.623740 0.472258 0.182771 0.117922
4 0.930844 0.408211 0.113604 0.115047
4 0.314906 0.485328 0.184646 0.109594
4 0.056688 0.557570 0.109542 0.095859
5 0.434750 0.380211 0.062167 0.035266
4 0.916750 0.663109 0.166500 0.374312
5 0.518375 0.392789 0.044542 0.009922
5 0.764948 0.524852 0.247604 0.100047
4 0.190990 0.457586 0.060771 0.098547
4 0.353125 0.453906 0.706250 0.132812