2 0.688583 0.802992 0.104500 0.129734
2 0.957917 0.786930 0.066458 0.118734
2 0.811688 0.793914 0.065042 0.111172
0 0.803010 0.750375 0.078229 0.123469
0 0.593281 0.659156 0.015437 0.008969
0 0.544198 0.659727 0.011729 0.022109
0 0.470760 0.661719 0.014063 0.026000
0 0.700167 0.678562 0.013250 0.023062
0 0.681719 0.678875 0.015479 0.020375
0 0.955479 0.738094 0.084083 0.122438
0 0.853219 0.676414 0.026729 0.019078
2 0.607552 0.829008 0.046854 0.070953
2 0.486365 0.686648 0.038896 0.046672
2 0.563677 0.707062 0.086188 0.027156
2 0.509885 0.691320 0.023771 0.028984
2 0.380365 0.828797 0.188312 0.094594
1 0.730323 0.675906 0.032271 0.032125
1 0.647740 0.678773 0.025187 0.022328