0 0.785281 0.518016 0.429437 0.677937
3 0.229052 0.582656 0.150021 0.321844
3 0.568656 0.656422 0.204104 0.331000
3 0.708750 0.729750 0.228750 0.349531
3 0.446167 0.316336 0.027917 0.047297
3 0.411958 0.305102 0.033875 0.057703
3 0.488667 0.328328 0.034750 0.051781
3 0.862052 0.056109 0.060521 0.097875
3 0.927135 0.067570 0.054854 0.088766
3 0.376938 0.301875 0.028792 0.046594
3 0.808667 0.063641 0.058875 0.070125
3 0.945656 0.087086 0.043896 0.066859
3 0.631813 0.397609 0.051750 0.068094
3 0.988604 0.110008 0.022792 0.040672
3 0.598958 0.188281 0.781250 0.376563