0 0.534090 0.495547 0.158060 0.568587
0 0.741160 0.406773 0.038720 0.063253
0 0.754370 0.389507 0.018780 0.060453
0 0.814260 0.446280 0.086160 0.145200
5 0.825150 0.432267 0.028780 0.033387
0 0.974210 0.438933 0.051580 0.130133
0 0.961550 0.434973 0.040140 0.131813
4 0.803170 0.611613 0.103100 0.220347
4 0.877360 0.523640 0.076360 0.142800
4 0.915350 0.494160 0.060700 0.114027
4 0.664230 0.533200 0.068780 0.140107
4 0.640120 0.445573 0.029080 0.069013
4 0.703920 0.557693 0.087080 0.167653
4 0.657010 0.431413 0.032660 0.042613
4 0.819170 0.587867 0.095060 0.185707
4 0.431060 0.476627 0.043360 0.092293
4 0.925980 0.484587 0.056280 0.101867
4 0.930460 0.476427 0.056280 0.090027
4 0.941850 0.468680 0.054460 0.085040
4 0.677000 0.528000 0.514000 0.272000