2 0.166140 0.407281 0.131152 0.052469
0 0.858162 0.409461 0.058529 0.120547
0 0.797463 0.408094 0.064485 0.125031
0 0.044387 0.390242 0.063431 0.129516
0 0.107047 0.375648 0.053554 0.104547
0 0.722843 0.384281 0.030882 0.075750
0 0.757120 0.393813 0.049436 0.108750
0 0.312745 0.363672 0.011520 0.024844
0 0.165331 0.368352 0.076495 0.067891
0 0.922206 0.379867 0.043382 0.074922
0 0.967770 0.378109 0.046961 0.061094
0 0.076765 0.384180 0.028480 0.065797
0 0.238444 0.366922 0.026250 0.063750
0 0.187402 0.348000 0.038284 0.043844