1 0.221383 0.615187 0.104609 0.045958
1 0.267633 0.655448 0.128953 0.056646
1 0.324250 0.619083 0.108094 0.048500
1 0.442664 0.622448 0.117234 0.070479
1 0.711484 0.712271 0.122125 0.099792
1 0.167695 0.651687 0.106172 0.062917
1 0.794719 0.558198 0.077844 0.046271
1 0.061875 0.678219 0.123750 0.064062
1 0.698687 0.571062 0.079969 0.043042
0 0.547695 0.676167 0.028984 0.053833
0 0.900125 0.865531 0.024188 0.061187
0 0.485063 0.708073 0.023969 0.041271
0 0.502031 0.658906 0.025188 0.055271
0 0.287867 0.934135 0.043109 0.053229
0 0.423125 0.697740 0.026719 0.055813
0 0.876859 0.891302 0.026500 0.098354
0 0.338273 0.732469 0.033391 0.053562
0 0.088023 0.821896 0.035672 0.047833
2 0.909516 0.923396 0.051500 0.055958
1 0.815141 0.736146 0.147875 0.110333
0 0.327391 0.707594 0.018844 0.031646
0 0.657242 0.670844 0.023141 0.056063
1 0.051844 0.635375 0.102875 0.050833
0 0.277633 0.740625 0.019578 0.039750
1 0.523680 0.566760 0.077203 0.046229
1 0.672703 0.547656 0.052125 0.022313
1 0.896875 0.885417 0.018750 0.125000
0 0.492969 0.609375 0.967187 0.552083