3 0.499727 0.866432 0.023891 0.111080
3 0.472203 0.843556 0.020219 0.099460
0 0.611031 0.497371 0.178000 0.514601
0 0.205953 0.498134 0.394000 0.984296
6 0.663406 0.861514 0.028437 0.072934
6 0.708586 0.827817 0.028422 0.067793
6 0.531258 0.913122 0.032203 0.079953
6 0.528523 0.864484 0.031797 0.028169
6 0.557867 0.886138 0.033203 0.074343
6 0.450055 0.833908 0.026703 0.068474
6 0.431563 0.806843 0.028844 0.063498
6 0.472766 0.836960 0.028250 0.058615
6 0.654516 0.797477 0.029219 0.065469
6 0.657008 0.756667 0.026797 0.026620
6 0.506367 0.747347 0.024766 0.011221
6 0.478125 0.755070 0.024469 0.024319
6 0.400781 0.613850 0.257812 0.556338