0 0.398164 0.327859 0.018359 0.062719
0 0.576000 0.384313 0.078938 0.188062
0 0.481086 0.344336 0.031516 0.070672
0 0.435289 0.355828 0.041391 0.111250
0 0.343547 0.352672 0.048313 0.129219
0 0.697984 0.353461 0.053687 0.138703
0 0.385391 0.361812 0.029750 0.130000
0 0.526148 0.373125 0.038578 0.098188
0 0.899867 0.354047 0.041828 0.072063
4 0.733141 0.362844 0.040656 0.050969
4 0.775961 0.357555 0.038828 0.043391
0 0.957297 0.355539 0.085406 0.079609
0 0.883109 0.388094 0.106438 0.117938
2 0.029703 0.469656 0.058562 0.075938
2 0.015984 0.431383 0.031750 0.070672
4 0.764734 0.427367 0.062656 0.092016
0 0.409859 0.330727 0.014781 0.060172
0 0.980961 0.331109 0.019391 0.033031