0 0.141281 0.781885 0.134625 0.386771
0 0.101430 0.796615 0.159047 0.356604
1 0.366414 0.634833 0.112703 0.110875
1 0.431953 0.638531 0.045250 0.089896
1 0.444398 0.631573 0.069734 0.089646
1 0.487109 0.631208 0.042781 0.082625
1 0.539391 0.625260 0.045250 0.066437
1 0.511523 0.628281 0.041484 0.068771
1 0.612852 0.623781 0.021047 0.044479
1 0.669828 0.635208 0.097750 0.083083
1 0.563984 0.623375 0.026312 0.055208
1 0.587234 0.619906 0.039750 0.056354
1 0.749133 0.615833 0.015328 0.024333
1 0.679992 0.607792 0.071203 0.040583
1 0.737281 0.628594 0.022000 0.053604