3 0.341508 0.424344 0.030234 0.095761
4 0.706078 0.320621 0.080750 0.257026
4 0.657391 0.294227 0.045969 0.217635
4 0.585891 0.227600 0.029250 0.055948
4 0.170594 0.370562 0.055469 0.295410
4 0.534687 0.208958 0.013938 0.035667
6 0.591242 0.786124 0.056922 0.216276
6 0.449430 0.525328 0.038047 0.128080
6 0.343867 0.529028 0.035266 0.121756
0 0.553734 0.516885 0.407219 0.549555
0 0.821289 0.617986 0.262734 0.707260
0 0.744188 0.688068 0.511625 0.599087
0 0.172234 0.646429 0.341125 0.702131
0 0.114883 0.243091 0.141359 0.257377
0 0.349102 0.271639 0.123703 0.373536
0 0.486523 0.276405 0.115453 0.314590
4 0.147344 0.608513 0.082094 0.258618
4 0.974625 0.389883 0.049719 0.123419
4 0.800023 0.476112 0.039234 0.160328
0 0.854781 0.227799 0.018781 0.110632
6 0.502320 0.407026 0.026266 0.042810
6 0.366469 0.553958 0.021281 0.046276
6 0.034141 0.259649 0.010625 0.042108
4 0.873523 0.232365 0.022391 0.069368