2 0.720664 0.393106 0.069516 0.151894
1 0.170477 0.250529 0.037266 0.053649
1 0.531836 0.244331 0.049984 0.038691
1 0.535961 0.226616 0.028859 0.035794
1 0.266453 0.238287 0.060313 0.054847
1 0.027500 0.262758 0.053969 0.077214
0 0.193492 0.452799 0.056734 0.330334
0 0.803594 0.592131 0.137406 0.716852
0 0.367664 0.390585 0.070453 0.329192
1 0.193977 0.252145 0.028516 0.048412
0 0.505648 0.395850 0.066891 0.306797
0 0.738203 0.339276 0.059937 0.199443
0 0.674883 0.410794 0.056016 0.297799
0 0.585508 0.374206 0.062766 0.300111
0 0.321219 0.328148 0.052500 0.239415
0 0.620359 0.289067 0.032000 0.191003
1 0.349852 0.245557 0.026859 0.025097
1 0.084836 0.246922 0.062766 0.037911
1 0.384391 0.231685 0.016188 0.024039
1 0.468250 0.232827 0.021750 0.019861
1 0.396914 0.237326 0.011828 0.025181
1 0.215180 0.240181 0.042609 0.050390
2 0.308273 0.393663 0.091328 0.128886