0 0.261469 0.653150 0.177844 0.671181
0 0.136453 0.597756 0.115937 0.624724
0 0.446039 0.665541 0.212734 0.641909
0 0.871344 0.533701 0.176594 0.375276
0 0.046719 0.470876 0.055219 0.118445
0 0.581141 0.489409 0.042000 0.151654
0 0.551937 0.487854 0.046656 0.150236
0 0.644641 0.487608 0.018531 0.093839
0 0.627180 0.481329 0.018172 0.103996
0 0.757781 0.466043 0.014844 0.069685
0 0.693875 0.507175 0.028656 0.109114
2 0.903063 0.559213 0.165187 0.079921
0 0.776359 0.498524 0.041375 0.119961
2 0.850297 0.631939 0.294844 0.238327
0 0.713844 0.493799 0.021000 0.101614
0 0.575000 0.308071 0.846875 0.564961