4 0.699328 0.944260 0.222969 0.111479
6 0.470594 0.798521 0.025000 0.048042
0 0.657406 0.581615 0.049188 0.080521
0 0.443594 0.592302 0.065969 0.144229
0 0.264367 0.729427 0.160109 0.251688
0 0.119195 0.695562 0.081016 0.156458
0 0.070102 0.658781 0.140203 0.283771
0 0.708055 0.784229 0.291953 0.431542
0 0.530703 0.569865 0.066312 0.116146
0 0.611469 0.592104 0.060500 0.100042
4 0.643664 0.648677 0.070734 0.061062
4 0.847562 0.655177 0.077469 0.058479
4 0.249023 0.882823 0.166016 0.200521
4 0.051633 0.847823 0.103266 0.208563
4 0.107305 0.854031 0.052672 0.154354
5 0.174398 0.751583 0.072891 0.060417
5 0.915594 0.743510 0.104937 0.127271