1 0.695997 0.437002 0.035131 0.025016
1 0.067549 0.598791 0.135098 0.124020
1 0.724853 0.496618 0.052516 0.050556
1 0.700000 0.412394 0.018268 0.014690
0 0.232753 0.588538 0.082239 0.201618
0 0.329755 0.541299 0.055458 0.052042
0 0.485694 0.554109 0.058676 0.078317
1 0.736487 0.406977 0.022255 0.017418
1 0.704371 0.396871 0.019036 0.015931
1 0.846601 0.499281 0.020327 0.033105
1 0.687369 0.404240 0.019281 0.018709
0 0.346275 0.531275 0.023987 0.029542
0 0.607557 0.512557 0.029722 0.026618
0 0.625931 0.481765 0.019477 0.030294
0 0.167966 0.614616 0.154984 0.216389
0 0.533570 0.525074 0.024624 0.044657
0 0.482116 0.521275 0.014069 0.027745
0 0.634730 0.506013 0.022467 0.033693
1 0.735392 0.399248 0.035719 0.013039
1 0.260637 0.565425 0.057549 0.109673
0 0.683873 0.460580 0.013595 0.013154