4 0.208867 0.807319 0.253078 0.385363
4 0.415609 0.545515 0.185500 0.455152
4 0.555047 0.462272 0.123344 0.425995
4 0.727906 0.759988 0.475281 0.433700
0 0.662687 0.641569 0.485781 0.680890
0 0.496273 0.232588 0.167922 0.460679
0 0.912687 0.427963 0.172938 0.329883
0 0.132391 0.566370 0.252812 0.840796
0 0.949789 0.865164 0.100422 0.269672
0 0.431313 0.382635 0.113312 0.430749
4 0.935422 0.868056 0.124125 0.261780
4 0.700984 0.811686 0.441906 0.350632
5 0.687711 0.504848 0.146641 0.302342
5 0.202937 0.245468 0.136063 0.215293
5 0.560195 0.675105 0.194797 0.264215
5 0.090914 0.194731 0.118609 0.148150
0 0.339656 0.348571 0.277281 0.589602
0 0.279906 0.210340 0.044969 0.097447