0 0.599781 0.650289 0.090937 0.116922
0 0.610990 0.380156 0.017562 0.016125
0 0.903479 0.533359 0.020792 0.067937
0 0.854177 0.457727 0.023229 0.061953
0 0.201854 0.874539 0.091375 0.109266
0 0.284104 0.859180 0.060083 0.068891
0 0.353688 0.855406 0.062833 0.071500
0 0.539667 0.852742 0.056417 0.067391
0 0.448583 0.874750 0.052250 0.034687
0 0.394531 0.438336 0.028521 0.059109
0 0.519677 0.404828 0.037479 0.038312
4 0.269094 0.356320 0.024646 0.013859
4 0.246646 0.351406 0.017042 0.011938
0 0.235312 0.859242 0.045792 0.065547
4 0.612302 0.361844 0.012563 0.016500
0 0.008604 0.595969 0.017208 0.098531
4 0.671177 0.955539 0.041562 0.016891
4 0.594635 0.361570 0.019188 0.019578
4 0.212281 0.352187 0.018479 0.019531
4 0.872615 0.387406 0.024271 0.017344
4 0.578021 0.358609 0.019375 0.010781
4 0.655781 0.369359 0.017729 0.003719
0 0.488542 0.457813 0.977083 0.237500