2 0.108320 0.685900 0.105859 0.367593
1 0.302250 0.356215 0.070000 0.053645
0 0.216664 0.611215 0.139453 0.623318
0 0.375406 0.478178 0.070906 0.408131
0 0.755805 0.485421 0.103047 0.409720
0 0.898469 0.404112 0.037312 0.142804
0 0.930648 0.400152 0.034984 0.140304
1 0.925773 0.374100 0.090172 0.068995
0 0.983609 0.401192 0.032781 0.179019
0 0.846203 0.383843 0.021375 0.122500
1 0.042039 0.347722 0.048672 0.024836
1 0.092352 0.353563 0.066766 0.038621
1 0.814500 0.359521 0.029313 0.027266
0 0.398539 0.479252 0.064328 0.340607
0 0.532789 0.374918 0.058078 0.139743