4 0.079580 0.543653 0.046280 0.088587
4 0.959860 0.527387 0.080280 0.251520
4 0.590720 0.368480 0.089160 0.161707
4 0.577350 0.334707 0.086540 0.129467
3 0.933190 0.279107 0.015540 0.059013
3 0.916730 0.279680 0.013900 0.061227
0 0.200560 0.733533 0.401120 0.527760
0 0.827890 0.161067 0.127580 0.210613
0 0.886720 0.348600 0.121720 0.322107
0 0.310810 0.418920 0.097980 0.328827
0 0.244460 0.350693 0.084240 0.145653
0 0.739930 0.345653 0.150300 0.200373
0 0.829400 0.379440 0.099040 0.250400
0 0.966720 0.420547 0.066560 0.384027
4 0.438130 0.259853 0.046020 0.082960
4 0.496130 0.231600 0.042020 0.035253
4 0.541310 0.264160 0.046300 0.098347
4 0.585250 0.302360 0.047980 0.081627
0 0.736490 0.627253 0.391900 0.630613
0 0.360990 0.353680 0.126020 0.237120
4 0.906740 0.797187 0.098360 0.402480
4 0.713140 0.274533 0.029560 0.070240
4 0.407080 0.309867 0.032600 0.078133
0 0.193740 0.430507 0.122840 0.147307
4 0.500840 0.322773 0.064520 0.147627
4 0.678000 0.513333 0.624000 0.578667