0 0.415828 0.698302 0.258594 0.580021
0 0.535570 0.599844 0.066141 0.212063
0 0.604180 0.609219 0.108141 0.186229
0 0.837641 0.676396 0.104500 0.368542
0 0.111336 0.708031 0.106141 0.583937
0 0.197305 0.635927 0.102609 0.321354
0 0.248625 0.613740 0.063781 0.279562
0 0.495984 0.575625 0.032063 0.153792
0 0.471492 0.574344 0.035641 0.128854
2 0.380398 0.868167 0.495078 0.263667
2 0.411070 0.879646 0.350891 0.235458
2 0.532719 0.635490 0.054562 0.048313
0 0.449789 0.551865 0.038859 0.120313
0 0.050328 0.522760 0.043031 0.116937
0 0.913680 0.648438 0.138391 0.539250