0 0.059789 0.881583 0.031609 0.107292
0 0.084836 0.826792 0.023516 0.072458
0 0.036070 0.843906 0.017172 0.076729
0 0.024594 0.847323 0.021281 0.069437
0 0.009938 0.834010 0.018563 0.048646
0 0.051469 0.823458 0.020313 0.068292
0 0.013781 0.883135 0.024188 0.062604
1 0.539492 0.606760 0.043641 0.021146
1 0.451281 0.606927 0.054250 0.022229
1 0.445492 0.607604 0.014766 0.017375
1 0.716227 0.602073 0.045516 0.024854
1 0.901719 0.602323 0.045500 0.020646
1 0.976625 0.598260 0.044750 0.019563
0 0.082781 0.783167 0.016313 0.036875
0 0.056656 0.769927 0.017375 0.055604
0 0.019664 0.815292 0.016672 0.026000
0 0.058211 0.696677 0.011922 0.038854
0 0.071320 0.684375 0.009016 0.033333
0 0.067781 0.795042 0.018406 0.068958
0 0.478125 0.792708 0.834375 0.289583