3 0.465438 0.416208 0.073719 0.371625
3 0.305641 0.229177 0.066125 0.264521
3 0.894359 0.863437 0.208062 0.251625
3 0.255117 0.567896 0.096141 0.217208
3 0.407109 0.424281 0.040438 0.156062
0 0.864891 0.249438 0.270219 0.260667
6 0.736812 0.462427 0.124750 0.227604
6 0.871906 0.306948 0.118344 0.204063
6 0.524656 0.260417 0.097312 0.232667
6 0.215250 0.248125 0.090812 0.201792
6 0.253656 0.187510 0.073563 0.213604
6 0.724047 0.740646 0.153750 0.273708
6 0.251117 0.382458 0.111234 0.168542
0 0.551961 0.091010 0.514047 0.182021
4 0.093672 0.035542 0.181031 0.071083