2 0.148953 0.683927 0.102625 0.177255
2 0.499273 0.863709 0.153547 0.230842
2 0.955211 0.860421 0.089578 0.238505
2 0.899516 0.773261 0.151000 0.207391
2 0.772672 0.680679 0.070875 0.141304
2 0.468555 0.684864 0.128641 0.167283
2 0.816523 0.752514 0.045828 0.112038
2 0.210992 0.706372 0.052609 0.093777
2 0.725859 0.668641 0.041156 0.113587
0 0.324203 0.587799 0.018563 0.044022
0 0.593320 0.601046 0.016766 0.038723
2 0.282633 0.884158 0.349828 0.231685
2 0.262156 0.649443 0.059313 0.120842
2 0.303875 0.665611 0.038687 0.060571
2 0.545312 0.603261 0.103125 0.043478