3 0.696467 0.330590 0.043920 0.101180
3 0.543253 0.326030 0.050560 0.103620
3 0.578253 0.330510 0.045040 0.097300
3 0.616427 0.339400 0.038133 0.080200
3 0.779400 0.197480 0.051120 0.088680
3 0.773333 0.328550 0.040907 0.114340
3 0.772213 0.459890 0.036427 0.138500
3 0.647213 0.333420 0.043920 0.093240
3 0.440947 0.359330 0.077680 0.147660
3 0.719307 0.618930 0.053333 0.065820
3 0.693933 0.567900 0.057307 0.069280
6 0.346173 0.967740 0.108293 0.064520
6 0.725627 0.498900 0.072427 0.058120
6 0.355520 0.518020 0.069280 0.052360