1 0.144539 0.557278 0.191328 0.208012
4 0.644172 0.616651 0.055188 0.131284
0 0.429508 0.747584 0.102078 0.356086
0 0.312664 0.587523 0.053328 0.298165
0 0.116992 0.795795 0.090953 0.408287
0 0.481773 0.659664 0.083953 0.254312
0 0.668273 0.557003 0.040828 0.239694
0 0.646656 0.617722 0.031594 0.136116
0 0.707273 0.614602 0.034453 0.137095
0 0.306320 0.453394 0.050047 0.145749
0 0.167148 0.672569 0.036141 0.104404
0 0.701102 0.505428 0.031828 0.141009
1 0.458961 0.570398 0.211359 0.168440
1 0.621109 0.495153 0.037625 0.064312
0 0.390117 0.591284 0.042766 0.129786
1 0.562602 0.503547 0.054641 0.104465
0 0.524875 0.567141 0.036187 0.218257
1 0.667016 0.499633 0.064781 0.107401
0 0.347984 0.744373 0.053812 0.162752
4 0.723297 0.589740 0.032219 0.082844
0 0.451562 0.571865 0.903125 0.330275