1 0.578586 0.431896 0.053234 0.046458
1 0.910187 0.458760 0.178062 0.088813
0 0.796797 0.706719 0.131219 0.541521
0 0.693289 0.598052 0.093172 0.256271
0 0.525719 0.542958 0.048594 0.225000
0 0.481883 0.458625 0.023891 0.071792
0 0.451336 0.502833 0.043203 0.141917
0 0.578906 0.464052 0.043188 0.073729
0 0.495766 0.463979 0.044531 0.071000
0 0.611961 0.453552 0.021984 0.067771
0 0.635352 0.435052 0.020734 0.039229
0 0.649359 0.436000 0.021125 0.052458
0 0.550812 0.448604 0.022250 0.057833
0 0.655633 0.457875 0.056328 0.063500
1 0.371367 0.385094 0.013516 0.015604
1 0.968437 0.532500 0.063125 0.042708
1 0.476844 0.385292 0.024750 0.021125
1 0.380125 0.377646 0.012937 0.015167
1 0.356656 0.387094 0.010594 0.017937
0 0.680273 0.485812 0.046328 0.104333
0 0.430469 0.464583 0.632812 0.133333