0 0.076469 0.351273 0.071969 0.165911
0 0.209242 0.385409 0.060109 0.247734
0 0.264070 0.356799 0.024203 0.173131
0 0.278445 0.362395 0.041766 0.213902
0 0.543391 0.346577 0.095906 0.225584
0 0.363711 0.306530 0.050359 0.116986
0 0.414477 0.291145 0.062016 0.091168
0 0.691836 0.390900 0.105016 0.457640
0 0.588281 0.376659 0.053219 0.268832
0 0.629992 0.410689 0.036609 0.201706
0 0.853398 0.375572 0.078547 0.313528
0 0.789086 0.364311 0.065422 0.324743
3 0.231289 0.353692 0.041672 0.037570
3 0.747320 0.352804 0.032859 0.040935
3 0.503266 0.305561 0.013125 0.032430
0 0.332695 0.377033 0.031984 0.213178
0 0.492188 0.364486 0.984375 0.359813