1 0.507094 0.483875 0.115594 0.143375
1 0.572453 0.451990 0.115406 0.071063
1 0.846383 0.519187 0.294359 0.164750
1 0.947789 0.474833 0.104422 0.102875
0 0.302687 0.497927 0.511219 0.995854
0 0.793172 0.656323 0.187938 0.659146
0 0.675391 0.781802 0.106813 0.294479
0 0.603969 0.411469 0.008250 0.018312
0 0.575820 0.407406 0.016797 0.020771
0 0.625023 0.411656 0.012703 0.026313
1 0.663531 0.444333 0.100031 0.077750
3 0.593781 0.807021 0.087844 0.146792
0 0.505664 0.405302 0.011109 0.023938
0 0.717516 0.423698 0.010094 0.020354
0 0.523023 0.421406 0.014203 0.017646