2 0.131610 0.624627 0.187780 0.166907
2 0.195550 0.594427 0.078380 0.103093
2 0.309060 0.498173 0.101080 0.121467
2 0.744210 0.577333 0.102540 0.130133
2 0.879650 0.467160 0.063740 0.057840
2 0.216060 0.572960 0.075520 0.116587
2 0.242600 0.548867 0.106720 0.124827
2 0.485920 0.527413 0.164320 0.126027
2 0.955280 0.552707 0.089440 0.117467
2 0.572450 0.641773 0.150340 0.102800
2 0.431280 0.551280 0.080640 0.072853
2 0.367440 0.754213 0.140480 0.292267
2 0.646920 0.435813 0.074840 0.024000
2 0.499000 0.580000 0.998000 0.546667