4 0.111211 0.706583 0.115172 0.272958
4 0.099102 0.470708 0.111109 0.170125
4 0.183414 0.433260 0.075391 0.152896
4 0.038711 0.838708 0.077422 0.292458
4 0.925328 0.399417 0.041656 0.063625
4 0.313430 0.450990 0.072484 0.168854
4 0.600547 0.764802 0.044062 0.319854
4 0.382188 0.361396 0.028844 0.065333
4 0.349430 0.396135 0.029766 0.096563
5 0.789180 0.651125 0.120547 0.170000
5 0.660656 0.461750 0.054219 0.057292
0 0.357266 0.768021 0.241562 0.443708
0 0.492133 0.583146 0.246078 0.330333
0 0.829289 0.572990 0.150672 0.277313
0 0.914633 0.672979 0.170734 0.441417
0 0.714078 0.444458 0.086625 0.191667
0 0.488281 0.375375 0.064969 0.116750
0 0.438070 0.458021 0.081172 0.145292
0 0.282242 0.425823 0.095891 0.229063
0 0.105336 0.417979 0.082578 0.202250
0 0.624172 0.293802 0.035969 0.081813
4 0.541305 0.424583 0.036578 0.144667
5 0.231742 0.726969 0.102797 0.173021
5 0.338047 0.581385 0.099937 0.107604
5 0.735195 0.558656 0.099766 0.108688
5 0.627914 0.394740 0.057016 0.065437
5 0.582680 0.333927 0.039922 0.034896
0 0.503922 0.336958 0.045281 0.105833
4 0.558594 0.897146 0.101562 0.182292
4 0.733219 0.483604 0.065062 0.117417
5 0.396570 0.421969 0.038609 0.049229
5 0.846180 0.374688 0.049297 0.056125
0 0.644813 0.305125 0.058844 0.077292
5 0.800727 0.342281 0.046859 0.055813
5 0.749539 0.325521 0.034453 0.039833
5 0.439008 0.351000 0.045266 0.046000
4 0.545312 0.371760 0.023813 0.070604
5 0.373625 0.486906 0.051625 0.072896
5 0.489844 0.413542 0.873437 0.152083
0 0.474219 0.512500 0.948438 0.487500