2 0.414609 0.791276 0.086563 0.169719
2 0.414492 0.792096 0.090203 0.180258
0 0.734141 0.755082 0.290781 0.489836
0 0.452102 0.658185 0.019891 0.084473
0 0.860742 0.663583 0.024578 0.081171
0 0.489602 0.667635 0.020234 0.081311
1 0.547734 0.631265 0.027500 0.029789
1 0.505680 0.631101 0.020234 0.021077
1 0.475063 0.644473 0.033031 0.045340
1 0.941836 0.649157 0.116328 0.072365
0 0.587133 0.646030 0.019109 0.058993
2 0.597531 0.733899 0.044750 0.067096
2 0.589570 0.671417 0.018828 0.055995
0 0.415195 0.626710 0.010141 0.028173
0 0.429930 0.625398 0.007547 0.028220
0 0.847922 0.649321 0.009625 0.053770
1 0.765094 0.670129 0.171563 0.119461
1 0.536992 0.625164 0.038734 0.027283