1 0.778344 0.385955 0.047656 0.043377
1 0.690008 0.378743 0.047422 0.052251
1 0.810094 0.374607 0.035937 0.027958
0 0.598211 0.613482 0.179734 0.400000
0 0.807844 0.811793 0.138313 0.332068
0 0.450680 0.417971 0.112672 0.350550
0 0.784141 0.390484 0.012937 0.045524
0 0.767984 0.390628 0.008031 0.037435
0 0.792273 0.390236 0.007891 0.037068
0 0.064711 0.378063 0.018141 0.054712
0 0.898391 0.480576 0.024500 0.047068
0 0.349867 0.428089 0.020297 0.059058
0 0.922633 0.744293 0.077641 0.182984
0 0.981680 0.720471 0.036516 0.190576
0 0.200312 0.391165 0.012438 0.049974
2 0.489063 0.487579 0.021937 0.050497
0 0.538641 0.388586 0.012594 0.047330
1 0.412336 0.405589 0.011453 0.044791
1 0.761711 0.365079 0.023172 0.017277
0 0.356250 0.471204 0.521875 0.230366