2 0.280852 0.547427 0.175422 0.289688
1 0.280367 0.277365 0.188422 0.186688
0 0.430344 0.446625 0.278938 0.671792
0 0.601352 0.448198 0.141891 0.605854
0 0.840109 0.330552 0.052281 0.174229
0 0.394039 0.356281 0.134141 0.334896
0 0.306945 0.306958 0.057391 0.188167
0 0.056461 0.811240 0.112922 0.355063
0 0.930336 0.337625 0.051422 0.183042
0 0.432430 0.196490 0.038297 0.074688
0 0.709930 0.542729 0.217547 0.914542
0 0.976148 0.447885 0.047703 0.385729
2 0.606953 0.159125 0.036937 0.134875
4 0.233250 0.379010 0.063406 0.139396
0 0.687719 0.351208 0.060000 0.309667
2 0.558328 0.717292 0.279625 0.446917
0 0.659016 0.245583 0.028531 0.068625
0 0.061953 0.408719 0.123531 0.505062
6 0.623625 0.500990 0.040844 0.055938
0 0.807813 0.278125 0.350000 0.127083