2 0.846698 0.710922 0.306604 0.267750
0 0.538911 0.748312 0.357026 0.480906
0 0.835082 0.607242 0.329836 0.379266
0 0.494157 0.177164 0.051311 0.070328
0 0.824461 0.450922 0.048501 0.040875
0 0.164977 0.451414 0.047237 0.023422
0 0.455773 0.481156 0.086347 0.149875
0 0.555820 0.491844 0.106112 0.114750
0 0.695234 0.186414 0.036089 0.036328
0 0.489005 0.489500 0.052670 0.088969
0 0.642986 0.473016 0.068782 0.089406
0 0.134859 0.434031 0.038571 0.057437
2 0.632482 0.604281 0.504637 0.224688
0 0.098689 0.446336 0.124403 0.090797
0 0.699614 0.462641 0.059742 0.117125
0 0.813817 0.173437 0.072600 0.046875