0 0.076445 0.136354 0.100016 0.230667
0 0.115297 0.196573 0.155156 0.181812
0 0.020813 0.259510 0.041094 0.518354
1 0.652977 0.032865 0.042047 0.018688
1 0.608430 0.032594 0.033703 0.015729
1 0.757750 0.032365 0.025562 0.015979
1 0.879445 0.032115 0.039422 0.014521
1 0.716609 0.032385 0.038219 0.017229
1 0.507305 0.033333 0.030328 0.017958
1 0.810117 0.031896 0.033703 0.016958
1 0.473906 0.035458 0.034531 0.016458
1 0.544422 0.034615 0.033281 0.018188
1 0.576805 0.033792 0.029703 0.013000
1 0.343852 0.035865 0.015984 0.012396
1 0.405992 0.039271 0.011016 0.008833
1 0.631953 0.033031 0.018750 0.012187
0 0.130523 0.392208 0.159734 0.581833
1 0.839844 0.027083 0.245312 0.029167