0 0.545539 0.663687 0.058391 0.356750
0 0.238563 0.575937 0.021969 0.123000
0 0.139844 0.559719 0.058906 0.251625
0 0.798805 0.575750 0.026766 0.168250
0 0.874648 0.579641 0.025828 0.179344
0 0.748016 0.597609 0.027781 0.214281
0 0.474844 0.521484 0.020563 0.073656
0 0.768789 0.571281 0.032297 0.193812
0 0.067977 0.602250 0.068547 0.238187
0 0.520125 0.610844 0.033156 0.180938
0 0.199383 0.554312 0.055547 0.239500
0 0.489711 0.611375 0.017141 0.101125
1 0.747211 0.501578 0.014172 0.020406
0 0.676562 0.545312 0.643750 0.228125