0 0.104719 0.642242 0.103281 0.396549
0 0.233539 0.606796 0.037422 0.211056
0 0.893727 0.571808 0.092953 0.123474
0 0.930891 0.528627 0.028344 0.128427
0 0.863938 0.525587 0.043281 0.070892
0 0.048406 0.570340 0.030719 0.096033
0 0.152531 0.534484 0.024969 0.066244
0 0.895359 0.518333 0.020375 0.050845
0 0.381133 0.354718 0.094891 0.131596
0 0.156797 0.580282 0.026469 0.095822
0 0.223117 0.525775 0.018047 0.049202
2 0.108609 0.813920 0.091156 0.283568
2 0.986164 0.792805 0.027672 0.146080
0 0.045727 0.548005 0.017234 0.037981
2 0.177758 0.643157 0.051641 0.116362