2 0.629961 0.682179 0.157172 0.151923
2 0.106937 0.810897 0.213875 0.219359
2 0.910398 0.622682 0.090859 0.069808
0 0.297516 0.776090 0.063844 0.287863
0 0.361523 0.777991 0.072234 0.237692
0 0.284625 0.696741 0.087719 0.396859
0 0.227008 0.632244 0.043891 0.246709
0 0.096219 0.639637 0.096688 0.292350
0 0.408453 0.711709 0.105406 0.369359
0 0.506055 0.798429 0.088828 0.211560
0 0.740703 0.713205 0.101750 0.390641
0 0.792922 0.698130 0.052875 0.389551
0 0.832148 0.711528 0.080516 0.353868
0 0.904555 0.569380 0.035391 0.112949
0 0.256406 0.535908 0.028063 0.078355
1 0.237086 0.589915 0.087297 0.123504
1 0.136672 0.541261 0.037969 0.055940
1 0.203664 0.575192 0.032641 0.076752
1 0.673930 0.552821 0.056078 0.042436
1 0.475766 0.558045 0.028813 0.031132
1 0.164789 0.589925 0.061172 0.099679