4 0.748961 0.838917 0.293016 0.297333
4 0.060469 0.684458 0.120906 0.242458
4 0.408969 0.413167 0.032438 0.107333
0 0.173602 0.556187 0.188766 0.370792
0 0.687391 0.547677 0.171531 0.421521
0 0.764383 0.688135 0.470734 0.623729
0 0.328859 0.491333 0.162219 0.247333
6 0.267156 0.832865 0.062625 0.157938
6 0.185633 0.758354 0.058203 0.134417
6 0.539125 0.536135 0.029531 0.071646
4 0.432016 0.442781 0.023469 0.093896
4 0.977320 0.467031 0.045359 0.137187
4 0.282203 0.445167 0.040250 0.093000
0 0.511828 0.421167 0.189188 0.211708
4 0.951937 0.447708 0.060406 0.122125
4 0.578148 0.431615 0.044766 0.035229
4 0.079313 0.406104 0.062031 0.104458
4 0.703336 0.949792 0.072766 0.100417
4 0.281555 0.375802 0.031547 0.042854
4 0.098578 0.452010 0.042625 0.135687
3 0.405141 0.640802 0.038375 0.105063
6 0.330094 0.620812 0.038375 0.096458
6 0.481742 0.594729 0.038016 0.090542
4 0.322641 0.417875 0.044844 0.066333