1 0.622453 0.454098 0.048875 0.032927
1 0.573969 0.457096 0.071469 0.022576
1 0.482109 0.476288 0.109781 0.076136
1 0.318844 0.459169 0.044625 0.019602
1 0.333117 0.449063 0.045547 0.015550
1 0.270102 0.460094 0.053266 0.018314
1 0.229844 0.465738 0.059125 0.015597
1 0.663383 0.459496 0.049828 0.022225
1 0.342625 0.485621 0.025531 0.053208
1 0.054672 0.443583 0.044469 0.017190
1 0.283641 0.451616 0.023844 0.019813
1 0.102328 0.447564 0.049188 0.016956
1 0.119898 0.439625 0.016734 0.017330
1 0.499219 0.464871 0.998437 0.110070