3 0.577391 0.707232 0.041813 0.151579
3 0.529344 0.680819 0.037875 0.129240
4 0.081961 0.866296 0.163922 0.267407
4 0.460453 0.923265 0.112125 0.153470
4 0.905289 0.931735 0.076891 0.136530
6 0.660500 0.723762 0.050625 0.093255
6 0.627961 0.777534 0.047953 0.065400
0 0.321531 0.706745 0.340438 0.564055
0 0.542180 0.411238 0.262984 0.548324
0 0.864617 0.319366 0.270766 0.392222
0 0.102672 0.558421 0.205344 0.842690
0 0.838383 0.634152 0.323234 0.345692
0 0.736719 0.793255 0.482750 0.413489
6 0.489734 0.679347 0.044062 0.078538
6 0.179414 0.368645 0.042891 0.045750
6 0.615578 0.735653 0.034813 0.075789
0 0.134570 0.497251 0.155141 0.730565
6 0.715453 0.438382 0.036250 0.038441
6 0.608187 0.679542 0.019813 0.032690
4 0.599242 0.940799 0.042578 0.083977
0 0.585500 0.547485 0.232906 0.288304