0 0.489602 0.788771 0.116297 0.400000
0 0.584461 0.747750 0.067578 0.317583
0 0.233812 0.811906 0.105281 0.256604
0 0.127953 0.873240 0.065344 0.203937
0 0.883055 0.678802 0.026766 0.150354
0 0.851258 0.689625 0.016609 0.086458
0 0.821195 0.680146 0.020859 0.080708
0 0.173836 0.840437 0.051984 0.204458
0 0.744422 0.675354 0.028719 0.106083
0 0.123859 0.685323 0.019844 0.081312
0 0.403430 0.682875 0.020141 0.070833
0 0.779031 0.686052 0.018844 0.087354
0 0.915805 0.679115 0.016859 0.078646
0 0.300336 0.843708 0.054547 0.184292
2 0.638773 0.907760 0.164609 0.184479
0 0.500000 0.700000 0.996875 0.216667