3 0.585555 0.574552 0.021672 0.114521
3 0.698266 0.483656 0.014469 0.080062
3 0.417992 0.729469 0.039203 0.135521
0 0.764141 0.703479 0.120500 0.438375
0 0.315555 0.616417 0.211641 0.392458
0 0.164094 0.751479 0.328187 0.496958
0 0.457945 0.561927 0.158203 0.226938
0 0.657703 0.438917 0.036312 0.084542
0 0.716406 0.402896 0.030000 0.072958
0 0.523578 0.494292 0.145344 0.201250
6 0.480883 0.723521 0.032422 0.093042
0 0.552813 0.794385 0.421344 0.384271
0 0.744305 0.383042 0.060547 0.063958
0 0.553633 0.457604 0.094141 0.145875
6 0.233594 0.933229 0.056750 0.133542
6 0.611000 0.412781 0.037031 0.086604
6 0.609641 0.588052 0.035437 0.055354
0 0.671203 0.424708 0.046469 0.101042
4 0.793406 0.920104 0.085906 0.157667
0 0.849711 0.386917 0.048672 0.067125
0 0.694937 0.407042 0.036000 0.086500
4 0.972836 0.566958 0.054328 0.151708
0 0.792969 0.532292 0.395313 0.410417