2 0.763453 0.764729 0.095625 0.112250
2 0.843961 0.746719 0.091109 0.101104
1 0.602734 0.188167 0.139937 0.073167
0 0.566469 0.256250 0.029031 0.099375
0 0.848594 0.722469 0.072469 0.208979
0 0.539820 0.250635 0.020328 0.087771
0 0.515555 0.198667 0.022516 0.070083
0 0.753750 0.744271 0.065781 0.194583
0 0.545141 0.087719 0.019656 0.052271
1 0.717742 0.113198 0.120703 0.087271
1 0.662422 0.109448 0.082156 0.065979
0 0.827570 0.389375 0.055391 0.100875
1 0.592875 0.089292 0.047094 0.044292
1 0.637109 0.093052 0.061656 0.055063
1 0.863406 0.077729 0.088063 0.081917
1 0.495430 0.182396 0.075516 0.059667