3 0.321359 0.589198 0.055250 0.224646
3 0.534453 0.522844 0.041688 0.111771
3 0.674156 0.571031 0.046812 0.198646
3 0.729469 0.529125 0.018063 0.078417
3 0.624555 0.527125 0.061297 0.259042
3 0.029469 0.801448 0.054906 0.395771
3 0.659391 0.553156 0.018469 0.175896
4 0.520766 0.472219 0.074938 0.085771
0 0.130922 0.469458 0.259906 0.570458
0 0.663648 0.429073 0.217016 0.278604
0 0.293406 0.421510 0.111781 0.426938
6 0.429992 0.778490 0.072547 0.154729
0 0.872469 0.834833 0.255063 0.330333
6 0.471359 0.633208 0.044531 0.066458
0 0.398859 0.421698 0.239812 0.305063
6 0.071188 0.905427 0.056063 0.189146
6 0.470000 0.923438 0.124656 0.133667
6 0.593891 0.618708 0.033063 0.078000
6 0.706945 0.541750 0.014734 0.034625
3 0.736102 0.507354 0.029953 0.120750
0 0.838078 0.466302 0.188906 0.235896
0 0.866234 0.515583 0.267531 0.537667
6 0.477992 0.572417 0.030297 0.036042