1 0.713203 0.108680 0.245094 0.129743
0 0.492664 0.514428 0.149578 0.771612
0 0.932164 0.297558 0.135672 0.379556
0 0.730688 0.238715 0.104031 0.356916
0 0.206180 0.300549 0.090328 0.365210
0 0.054828 0.282734 0.109656 0.198692
0 0.668000 0.219100 0.079656 0.298855
0 0.077930 0.153470 0.054797 0.094416
0 0.851500 0.144766 0.056781 0.204953
0 0.557227 0.155175 0.067016 0.150724
0 0.370516 0.171098 0.041219 0.072383
0 0.547586 0.233470 0.102234 0.288248
0 0.975273 0.131974 0.049453 0.192407
0 0.047312 0.206051 0.085125 0.191402
0 0.467969 0.241822 0.932813 0.404206