3 0.671141 0.115021 0.061156 0.227458
3 0.071070 0.459104 0.122859 0.241500
0 0.422609 0.067760 0.246031 0.135521
0 0.186656 0.082208 0.211156 0.162167
0 0.046141 0.081865 0.092281 0.163312
6 0.687789 0.695552 0.091922 0.153229
6 0.861031 0.618240 0.098969 0.168521
6 0.080898 0.674594 0.111234 0.168521
6 0.858703 0.079750 0.047156 0.070250
6 0.039625 0.233312 0.061094 0.084708
6 0.062258 0.577708 0.093172 0.129125
6 0.121414 0.215323 0.059609 0.091563
0 0.941602 0.019594 0.116797 0.039188
0 0.652336 0.050594 0.207609 0.101187
4 0.078125 0.084646 0.058594 0.156250
0 0.814898 0.032354 0.085609 0.064708
0 0.052437 0.866104 0.103062 0.267792
6 0.869633 0.025302 0.051359 0.050604