3 0.017695 0.646823 0.016203 0.049396
3 0.019758 0.534469 0.015203 0.041438
3 0.033219 0.531698 0.012937 0.043438
3 0.109125 0.491979 0.006906 0.037458
3 0.964117 0.574542 0.027609 0.070708
3 0.897539 0.476521 0.014203 0.032625
4 0.947820 0.763042 0.102859 0.202458
4 0.109797 0.836708 0.216219 0.301792
4 0.358727 0.730594 0.043547 0.058562
0 0.647531 0.399802 0.020406 0.048771
0 0.156500 0.729792 0.126438 0.458917
0 0.065734 0.713479 0.128094 0.334833
0 0.443414 0.639646 0.173984 0.700458
0 0.594102 0.642698 0.173609 0.687646
0 0.789609 0.648323 0.207313 0.680896
0 0.957125 0.521969 0.085750 0.356896
0 0.877039 0.441458 0.062578 0.112833
0 0.712344 0.575156 0.101094 0.459437
0 0.375922 0.427510 0.049750 0.100021
0 0.272187 0.649438 0.173594 0.678667
0 0.919516 0.523979 0.091938 0.329458
4 0.174328 0.551854 0.034531 0.040917
4 0.526961 0.733917 0.060828 0.265083
4 0.043312 0.527604 0.042688 0.031000
4 0.182977 0.710792 0.015328 0.058917
4 0.903117 0.945833 0.048891 0.105333