3 0.129648 0.299014 0.013547 0.055962
3 0.118461 0.307300 0.010047 0.035869
0 0.773320 0.638204 0.317109 0.310117
0 0.196008 0.602441 0.171453 0.285728
0 0.367773 0.600235 0.118047 0.346526
0 0.439578 0.456538 0.031281 0.047535
0 0.513789 0.453955 0.066109 0.108192
0 0.619313 0.478944 0.064781 0.192254
0 0.899008 0.531491 0.160859 0.182371
0 0.733039 0.496185 0.064578 0.131291
3 0.301953 0.374390 0.009719 0.017136
3 0.169852 0.303768 0.007516 0.043122
3 0.089609 0.302946 0.009687 0.039178
3 0.280422 0.310681 0.013094 0.037653
3 0.177656 0.308826 0.008375 0.038592
3 0.162047 0.309131 0.008250 0.036432
3 0.151609 0.309014 0.008844 0.033239
3 0.141203 0.308486 0.007656 0.034484
3 0.109508 0.307594 0.010047 0.033920
3 0.069125 0.305164 0.012375 0.039624
6 0.626797 0.779413 0.031719 0.099953
6 0.702234 0.774120 0.036812 0.099038
0 0.852430 0.483146 0.064172 0.120751
0 0.806273 0.462793 0.068391 0.103099
0 0.558188 0.787582 0.304156 0.333192
3 0.099000 0.309390 0.008969 0.024789
4 0.898352 0.772136 0.158766 0.135587
4 0.885953 0.628451 0.091500 0.086948
6 0.253766 0.562735 0.018438 0.040587
6 0.296320 0.560481 0.016516 0.048427
0 0.763180 0.459214 0.028203 0.079742
0 0.553891 0.420728 0.034656 0.037465
0 0.626563 0.390845 0.475000 0.147887
3 0.051562 0.318075 0.025000 0.100939