4 0.626695 0.616735 0.086203 0.266417
4 0.645000 0.447730 0.118250 0.107242
4 0.698883 0.388630 0.041359 0.046116
0 0.422945 0.417871 0.270766 0.756829
0 0.807602 0.564916 0.367859 0.789231
0 0.282594 0.427702 0.153469 0.492927
0 0.204242 0.294334 0.026391 0.217974
0 0.926578 0.296276 0.043000 0.170863
0 0.743234 0.297261 0.040156 0.140450
0 0.696586 0.301614 0.053766 0.135947
0 0.588383 0.273265 0.057172 0.151407
3 0.069742 0.829362 0.044453 0.108818
3 0.048273 0.803039 0.025609 0.099662
4 0.959625 0.389428 0.051812 0.080807
4 0.956820 0.736201 0.086359 0.166023
5 0.589758 0.404390 0.095578 0.063602
0 0.312188 0.162233 0.070375 0.106754
3 0.197656 0.764362 0.040469 0.043996
3 0.262508 0.742205 0.030547 0.044822
3 0.121805 0.786341 0.038391 0.041689
3 0.161781 0.741717 0.019719 0.042420
0 0.244023 0.202561 0.046859 0.053002
3 0.113438 0.739794 0.022500 0.040075
3 0.076625 0.755807 0.026719 0.050338
3 0.230063 0.752054 0.039125 0.052964
3 0.233719 0.722936 0.024969 0.043171
3 0.195961 0.726689 0.019297 0.031313
3 0.159898 0.778114 0.036203 0.049362
3 0.139844 0.771107 0.024594 0.060038
3 0.279687 0.719512 0.059375 0.061914