4 0.778438 0.485979 0.034656 0.184833
4 0.423391 0.922583 0.479031 0.133333
0 0.680648 0.394625 0.219359 0.337625
0 0.118109 0.436979 0.232563 0.387917
0 0.306063 0.353198 0.174594 0.297646
0 0.850867 0.212188 0.085516 0.208333
6 0.243609 0.651750 0.049375 0.131000
6 0.431891 0.524010 0.033875 0.101312
6 0.128008 0.547000 0.038391 0.099333
6 0.250242 0.549792 0.053547 0.100750
6 0.366867 0.515719 0.044766 0.042562
6 0.275273 0.605073 0.026922 0.059312
0 0.869664 0.595510 0.252797 0.647187
6 0.553242 0.616885 0.042859 0.106479
4 0.234070 0.412792 0.010172 0.032750
4 0.867859 0.916885 0.259094 0.135063
6 0.443211 0.621583 0.060859 0.062417
6 0.268977 0.488937 0.032672 0.084208