2 0.286870 0.656150 0.039260 0.123850
0 0.689690 0.545575 0.104340 0.148209
0 0.361380 0.601230 0.049760 0.191711
0 0.199290 0.604305 0.052580 0.183690
0 0.285020 0.596070 0.056760 0.175080
0 0.255930 0.579144 0.033860 0.129733
2 0.363440 0.648850 0.063200 0.130053
2 0.265670 0.664973 0.020740 0.092620
2 0.202060 0.657233 0.035720 0.113235
0 0.325180 0.578489 0.035520 0.146925
0 0.408110 0.565548 0.036420 0.128262
0 0.500070 0.564679 0.039500 0.103476
0 0.768570 0.543824 0.021060 0.071230
0 0.647980 0.538850 0.043160 0.093209
0 0.820390 0.534479 0.017900 0.074947
0 0.727520 0.528516 0.009680 0.037139
2 0.820810 0.552366 0.012060 0.041898
2 0.502360 0.599733 0.033760 0.064813
0 0.548260 0.508168 0.021680 0.035374
2 0.406820 0.598717 0.034480 0.083102