2 0.724547 0.584056 0.046437 0.062000
1 0.155281 0.573944 0.135844 0.101278
1 0.932469 0.577583 0.132500 0.119389
1 0.514313 0.599667 0.167375 0.120778
0 0.381430 0.615667 0.046766 0.235722
0 0.420508 0.618972 0.040891 0.174667
0 0.475898 0.621500 0.045641 0.243389
0 0.526266 0.608458 0.054562 0.256194
0 0.767078 0.685056 0.054562 0.283944
0 0.874633 0.571778 0.036828 0.084611
0 0.737617 0.537333 0.025391 0.041722
0 0.336289 0.529319 0.011016 0.040694
0 0.545328 0.534847 0.012438 0.042583
0 0.305125 0.536153 0.011156 0.049306
0 0.210656 0.536028 0.011906 0.061111
1 0.081313 0.528722 0.040563 0.036778
1 0.044797 0.514847 0.036594 0.044417
1 0.180437 0.538958 0.071594 0.054528