5 0.733906 0.501062 0.096312 0.084542
0 0.193414 0.746615 0.332766 0.481979
0 0.074883 0.590510 0.138109 0.469854
0 0.143000 0.483990 0.075750 0.242354
0 0.463070 0.426510 0.111734 0.184354
0 0.378773 0.439177 0.122016 0.240729
0 0.703492 0.436677 0.100578 0.134812
0 0.852812 0.461792 0.155062 0.168542
0 0.892414 0.386521 0.058984 0.170792
0 0.287359 0.472052 0.131156 0.230354
0 0.790625 0.397792 0.087344 0.162708
0 0.596633 0.303375 0.043828 0.058417
0 0.531500 0.294156 0.053438 0.076021
4 0.691539 0.732750 0.206141 0.402500
4 0.571672 0.577094 0.116281 0.291687
4 0.308539 0.339844 0.048391 0.085437
4 0.328289 0.292844 0.023297 0.016438
4 0.352539 0.306240 0.022641 0.036354
4 0.259094 0.291323 0.027125 0.020021
4 0.401180 0.326458 0.020953 0.093500
4 0.651383 0.343969 0.039453 0.052896
4 0.201852 0.513458 0.040703 0.101750
4 0.369047 0.317375 0.016188 0.006333
4 0.781305 0.353937 0.025109 0.058250
4 0.932156 0.507073 0.065906 0.085562
4 0.529219 0.378135 0.044719 0.109312
0 0.494891 0.293271 0.026719 0.053625
4 0.637391 0.438177 0.053469 0.140604
4 0.492188 0.506250 0.984375 0.983333