2 0.466130 0.660213 0.619340 0.606453
2 0.057720 0.422747 0.042480 0.187840
2 0.102690 0.399373 0.078020 0.234693
2 0.151420 0.459480 0.148840 0.429573
0 0.472580 0.547320 0.251600 0.883867
0 0.927090 0.378307 0.144340 0.428720
2 0.630100 0.417147 0.120160 0.341120
2 0.770500 0.384400 0.138920 0.136160
2 0.122920 0.441013 0.062560 0.140213
2 0.389270 0.328947 0.059100 0.083920
2 0.213080 0.422680 0.056080 0.163867
2 0.802390 0.307453 0.092180 0.117787
2 0.968400 0.342800 0.039960 0.233653
0 0.973050 0.372733 0.048700 0.423387
2 0.319480 0.577613 0.051320 0.089253