3 0.224211 0.416600 0.110672 0.358528
4 0.840727 0.305678 0.199891 0.394065
4 0.948055 0.210444 0.103891 0.301822
0 0.540086 0.054229 0.105234 0.095234
0 0.307492 0.223353 0.051672 0.117827
0 0.591492 0.050245 0.077984 0.099276
5 0.547023 0.562231 0.697297 0.842687
4 0.270898 0.239965 0.105734 0.143902
4 0.949570 0.177418 0.059547 0.064416
4 0.584039 0.111390 0.056172 0.039836
4 0.140813 0.307138 0.091219 0.239416
4 0.956797 0.081822 0.086406 0.078318
4 0.864656 0.103119 0.086531 0.054369
4 0.721555 0.092231 0.087297 0.031332
5 0.403172 0.283855 0.315219 0.489579
6 0.058617 0.556787 0.117234 0.333341