0 0.283830 0.695961 0.463380 0.572703
0 0.737680 0.755871 0.292680 0.457387
0 0.609080 0.432853 0.245320 0.450210
3 0.954350 0.634279 0.042540 0.214264
3 0.749600 0.174970 0.019840 0.072462
3 0.767850 0.170030 0.015700 0.073694
3 0.785880 0.168754 0.018840 0.076727
3 0.804110 0.166321 0.020420 0.079910
3 0.851760 0.137778 0.025120 0.130030
3 0.247400 0.578438 0.026960 0.129550
3 0.895940 0.159505 0.017440 0.082553
3 0.914720 0.154354 0.016200 0.086727
3 0.681810 0.174550 0.018900 0.077027
3 0.618930 0.178438 0.014540 0.071171
3 0.555980 0.185526 0.013240 0.070871
6 0.573830 0.796802 0.042580 0.129159
6 0.278270 0.721547 0.033220 0.101712
3 0.664760 0.175646 0.016840 0.083784
3 0.603000 0.351351 0.726000 0.510511