1 0.618292 0.814477 0.101458 0.060047
1 0.959156 0.813414 0.081687 0.055891
1 0.541406 0.806492 0.067521 0.042609
1 0.744177 0.805523 0.155229 0.045266
1 0.911469 0.803969 0.097229 0.058250
0 0.071323 0.894539 0.105229 0.210922
0 0.191635 0.866133 0.035438 0.159328
0 0.880823 0.804367 0.018937 0.061891
0 0.854073 0.789031 0.018188 0.019625
0 0.308250 0.822836 0.029833 0.105234
0 0.296948 0.812109 0.018771 0.086938
0 0.871406 0.786953 0.011271 0.021469
0 0.895031 0.810875 0.012354 0.042500
1 0.460948 0.826898 0.100062 0.086266
1 0.410031 0.811156 0.029313 0.045781