3 0.929266 0.449958 0.018438 0.047250
3 0.948180 0.451472 0.022016 0.044333
0 0.932109 0.504347 0.135781 0.438250
0 0.809313 0.418361 0.139031 0.297056
0 0.777227 0.327472 0.039922 0.091000
0 0.133398 0.324472 0.045391 0.136167
6 0.258602 0.495528 0.028953 0.033556
0 0.236648 0.323222 0.082047 0.171833
0 0.875570 0.305000 0.040141 0.058778
0 0.575672 0.520486 0.129906 0.429694
2 0.611469 0.537653 0.772938 0.910583
4 0.795586 0.653708 0.181172 0.449806
4 0.570414 0.630014 0.128703 0.210083
4 0.965570 0.745944 0.056547 0.223722
4 0.694039 0.609042 0.097391 0.400528
4 0.108844 0.663639 0.217687 0.438944
0 0.171383 0.390042 0.052516 0.186750
0 0.319609 0.558819 0.145844 0.599194
0 0.640164 0.425403 0.089609 0.255639
6 0.888031 0.455069 0.021656 0.060472
0 0.066398 0.363778 0.132797 0.263778