0 0.479398 0.607862 0.189359 0.784276
0 0.275766 0.557301 0.184844 0.692126
0 0.143539 0.379509 0.072266 0.206075
1 0.685070 0.464895 0.092266 0.131098
1 0.968070 0.484603 0.063859 0.095607
1 0.927117 0.475082 0.078328 0.082126
1 0.880969 0.464626 0.065562 0.071636
1 0.856586 0.451414 0.056703 0.071893
1 0.826195 0.448785 0.032141 0.064673
0 0.101937 0.572991 0.203875 0.852944
1 0.791242 0.445783 0.037328 0.049509
1 0.773828 0.437371 0.047563 0.052033
1 0.744672 0.439404 0.027625 0.043902
1 0.815289 0.445362 0.032297 0.061986