1 0.282953 0.601142 0.404656 0.298253
1 0.110859 0.718263 0.192875 0.278944
1 0.515094 0.563330 0.172469 0.150576
1 0.656109 0.522802 0.047594 0.071209
1 0.702859 0.518215 0.035437 0.055624
1 0.056586 0.530154 0.078109 0.079079
0 0.867133 0.526171 0.047766 0.145432
0 0.828813 0.509587 0.020938 0.059482
0 0.919258 0.513004 0.022297 0.065547
0 0.809680 0.499107 0.008953 0.036180
1 0.601258 0.541094 0.096922 0.093551
1 0.435305 0.509223 0.036328 0.038177
0 0.797367 0.512159 0.015859 0.051228
0 0.979531 0.512054 0.011250 0.097735
0 0.722805 0.501507 0.004953 0.017793