2 0.408805 0.767417 0.354078 0.229625
1 0.770930 0.460427 0.054047 0.064771
1 0.081703 0.465667 0.060281 0.064083
1 0.612578 0.444375 0.082000 0.019583
2 0.049992 0.491281 0.049859 0.036146
0 0.973594 0.448313 0.052812 0.155042
0 0.466781 0.469292 0.045188 0.132875
0 0.421531 0.456719 0.020844 0.072813
0 0.622477 0.532219 0.118016 0.295687
0 0.890172 0.675281 0.219656 0.617979
0 0.368258 0.592135 0.146641 0.469646
0 0.501289 0.447469 0.019078 0.058896
0 0.820664 0.473042 0.083703 0.254042
1 0.015922 0.504115 0.030437 0.219479
1 0.061016 0.438854 0.102344 0.054042
0 0.048602 0.468948 0.030328 0.087146