3 0.084750 0.615664 0.081125 0.093609
4 0.924979 0.539773 0.149500 0.235266
0 0.420604 0.396445 0.741292 0.487141
0 0.818771 0.344328 0.188000 0.119656
0 0.932156 0.389914 0.134229 0.212609
0 0.686792 0.356250 0.116417 0.074594
6 0.848167 0.712492 0.173000 0.356172
6 0.052865 0.427727 0.034771 0.025078
6 0.086156 0.416289 0.026187 0.017328
6 0.829229 0.394227 0.027625 0.014109
6 0.075198 0.701383 0.137937 0.099547
4 0.167260 0.411180 0.119063 0.017047
4 0.711177 0.422398 0.040438 0.066578
0 0.611719 0.334391 0.078688 0.076500
0 0.199719 0.344453 0.089854 0.114094
0 0.255125 0.368734 0.099167 0.086125
0 0.251865 0.310445 0.034896 0.039703
0 0.236104 0.303031 0.017083 0.032031
6 0.774531 0.389383 0.026687 0.014672
4 0.105521 0.547695 0.194125 0.200516
4 0.699135 0.394000 0.048188 0.021813