0 0.603836 0.794906 0.060811 0.121687
0 0.918389 0.840000 0.119356 0.260062
1 0.032911 0.783641 0.065821 0.066625
1 0.209782 0.774336 0.110790 0.054734
1 0.088035 0.778906 0.120104 0.057594
0 0.641414 0.786117 0.042079 0.105828
0 0.623534 0.747664 0.009688 0.017266
1 0.267911 0.771672 0.061143 0.046687
1 0.296008 0.768008 0.062952 0.045484
0 0.153857 0.763062 0.020395 0.052781
0 0.128950 0.752281 0.022100 0.038906
0 0.103690 0.745445 0.026008 0.020359
1 0.586798 0.757227 0.029189 0.035828
1 0.616143 0.735938 0.061975 0.023281
0 0.733960 0.813148 0.098815 0.198484