4 0.584727 0.939990 0.089828 0.062741
0 0.172039 0.893264 0.112453 0.186527
0 0.289750 0.938379 0.043531 0.120565
0 0.051367 0.936287 0.065078 0.127427
0 0.356617 0.619582 0.040578 0.084728
0 0.392586 0.626496 0.037484 0.041862
0 0.313008 0.653598 0.048891 0.062092
0 0.022500 0.913985 0.021656 0.040272
0 0.321563 0.938075 0.084750 0.123849
0 0.537602 0.900324 0.075016 0.149812
0 0.108039 0.950471 0.018953 0.083661
0 0.027625 0.900544 0.011906 0.022008
0 0.661500 0.493389 0.025250 0.031381
6 0.069047 0.900345 0.011156 0.019728
0 0.090109 0.943222 0.020344 0.100544
0 0.433594 0.604603 0.060937 0.058577