4 0.171805 0.751780 0.237672 0.454941
6 0.509578 0.469005 0.035281 0.063630
6 0.473852 0.466792 0.025391 0.064450
5 0.517258 0.459543 0.170922 0.146066
0 0.943680 0.427927 0.099172 0.191452
0 0.624883 0.413735 0.104953 0.273185
0 0.775133 0.413489 0.296859 0.292131
0 0.210656 0.569473 0.297000 0.802272
0 0.137313 0.457143 0.190844 0.909321
0 0.432164 0.551651 0.258609 0.671967
0 0.307062 0.422119 0.142906 0.349251
0 0.036180 0.440129 0.072109 0.421616
6 0.830453 0.455714 0.024875 0.040937
4 0.030734 0.630340 0.061469 0.201382
5 0.207836 0.401159 0.074234 0.098337
0 0.416109 0.348548 0.035219 0.061218
6 0.397555 0.473607 0.043703 0.037799
6 0.887391 0.501721 0.025562 0.040632
4 0.635398 0.933548 0.064578 0.047518
6 0.205836 0.432131 0.023609 0.070726
6 0.441547 0.487061 0.027094 0.033279