0 0.662117 0.166297 0.035234 0.067406
0 0.355016 0.096632 0.073687 0.190586
3 0.509352 0.202437 0.021141 0.053745
6 0.530891 0.379362 0.061687 0.109059
5 0.602531 0.574163 0.614281 0.761799
0 0.881906 0.116925 0.094469 0.189205
0 0.835258 0.156454 0.023203 0.042782
0 0.163641 0.115732 0.065469 0.177531
0 0.697336 0.138567 0.033859 0.095042
0 0.383266 0.119153 0.045312 0.142615
0 0.788062 0.158985 0.034563 0.046297
0 0.434922 0.126621 0.065156 0.163410
6 0.622820 0.440010 0.073859 0.089770
6 0.605227 0.531036 0.056547 0.104916
6 0.648375 0.349017 0.057813 0.075607
6 0.973406 0.255439 0.026344 0.037615
6 0.958445 0.237134 0.026328 0.061381
4 0.100703 0.584268 0.177906 0.525858
4 0.153992 0.340073 0.194859 0.213619
4 0.195594 0.306527 0.088406 0.173138
4 0.731172 0.282887 0.085375 0.114310
4 0.676875 0.269247 0.047625 0.122385
4 0.423070 0.274320 0.071953 0.043368
4 0.565156 0.253724 0.057969 0.099791
4 0.762125 0.226810 0.061500 0.076172
4 0.920289 0.298243 0.071266 0.098996
4 0.408695 0.341527 0.168016 0.136946
4 0.867641 0.215188 0.061969 0.028159
4 0.796055 0.220429 0.058422 0.043243
0 0.977953 0.152343 0.044094 0.137615
4 0.990086 0.314822 0.019828 0.115000
0 0.269375 0.223954 0.145875 0.445314
0 0.624695 0.194801 0.055203 0.120021
6 0.763055 0.191789 0.005422 0.012364
0 0.295312 0.152720 0.500000 0.209205