4 0.827555 0.593537 0.118641 0.222185
0 0.299031 0.634870 0.373312 0.702037
0 0.640242 0.466759 0.350734 0.420519
0 0.950977 0.413454 0.030672 0.051204
0 0.866344 0.544620 0.119250 0.283500
0 0.957008 0.575620 0.085984 0.219389
0 0.378836 0.325657 0.102578 0.305426
0 0.113078 0.498269 0.133187 0.264870
0 0.164992 0.411241 0.047578 0.093852
0 0.214742 0.403546 0.068641 0.111907
6 0.950750 0.486972 0.021656 0.016463
6 0.887531 0.484213 0.016563 0.014167
4 0.121711 0.588296 0.121203 0.237296
4 0.972781 0.621667 0.047719 0.179926
0 0.072344 0.231630 0.083281 0.090111
3 0.097398 0.413046 0.016797 0.028389
0 0.511922 0.429213 0.209687 0.403685