0 0.425414 0.671177 0.126172 0.394188
0 0.528820 0.667604 0.113703 0.418292
0 0.740367 0.590427 0.031734 0.139521
0 0.693000 0.265667 0.008063 0.027625
0 0.658992 0.680906 0.114609 0.480896
0 0.091117 0.532927 0.008828 0.016354
0 0.676891 0.262906 0.013344 0.025979
0 0.447633 0.390104 0.008453 0.020958
0 0.333000 0.445229 0.005812 0.014125
0 0.251070 0.540833 0.005953 0.017292
0 0.320883 0.518156 0.008047 0.019188
0 0.331602 0.518510 0.004922 0.015104
0 0.683930 0.265115 0.009484 0.026021
4 0.454586 0.374927 0.023922 0.054729
0 0.409375 0.551042 0.750000 0.356250