0 0.704914 0.693764 0.118672 0.327390
0 0.915969 0.571732 0.038437 0.070901
0 0.609445 0.595439 0.049328 0.137298
0 0.801094 0.571420 0.025906 0.056928
0 0.586289 0.545647 0.020078 0.051293
0 0.364141 0.575404 0.030875 0.087852
0 0.473117 0.609203 0.067672 0.161963
0 0.887820 0.573418 0.030578 0.068545
0 0.335688 0.558995 0.017656 0.058083
0 0.298820 0.550346 0.014922 0.043002
0 0.153211 0.568383 0.015953 0.083741
4 0.915422 0.613603 0.028344 0.012564
0 0.749656 0.570381 0.021438 0.085797
4 0.779422 0.582079 0.016250 0.030531
4 0.723898 0.599492 0.008891 0.028868
4 0.873578 0.625739 0.008188 0.025843
4 0.765727 0.595069 0.016359 0.054388
0 0.358852 0.570843 0.027703 0.095219
0 0.380469 0.558891 0.223438 0.096998