0 0.405120 0.641347 0.015080 0.044613
1 0.182310 0.635893 0.063940 0.046293
0 0.607730 0.702827 0.073860 0.485333
0 0.662420 0.751000 0.079880 0.394907
0 0.933400 0.712013 0.133200 0.450373
0 0.524460 0.638413 0.013200 0.046960
0 0.141920 0.724987 0.114920 0.477120
0 0.364810 0.721000 0.103700 0.479013
0 0.241880 0.728693 0.156400 0.465600
0 0.064740 0.728613 0.052120 0.147467
0 0.042150 0.656973 0.014860 0.052933
0 0.801690 0.726133 0.166700 0.429387
0 0.447530 0.716987 0.130900 0.502347
0 0.432730 0.704973 0.022940 0.077467