2 0.505320 0.873454 0.031297 0.137400
0 0.503852 0.801979 0.059453 0.195152
0 0.154406 0.717670 0.020625 0.044286
1 0.338844 0.740445 0.146937 0.101124
1 0.827609 0.846077 0.206906 0.249438
1 0.677273 0.788946 0.045453 0.104075
1 0.668914 0.781159 0.052859 0.092201
0 0.890219 0.719567 0.023250 0.035948
0 0.845203 0.722635 0.025000 0.029204
0 0.829227 0.721230 0.014359 0.022365
0 0.090109 0.701604 0.016031 0.031405
0 0.733430 0.711042 0.014609 0.020585
0 0.106383 0.707166 0.012953 0.030492
0 0.919281 0.724087 0.019344 0.050937
0 0.910937 0.744145 0.021594 0.060422
0 0.796641 0.717728 0.022750 0.032693
1 0.719766 0.791897 0.088375 0.145808
1 0.594672 0.714625 0.036531 0.055714
1 0.549234 0.729227 0.069500 0.063794
1 0.089563 0.747646 0.072688 0.063817
1 0.660594 0.755550 0.075781 0.103700
1 0.637766 0.723595 0.023062 0.037026
1 0.268687 0.709098 0.028937 0.030749
1 0.027352 0.745164 0.054703 0.098759
1 0.195437 0.727084 0.046062 0.050047