0 0.853508 0.805234 0.051547 0.232810
0 0.279031 0.824379 0.090594 0.351241
0 0.069953 0.777916 0.089219 0.419204
3 0.114164 0.688267 0.014141 0.062857
4 0.577727 0.902237 0.125078 0.141101
4 0.649477 0.766616 0.090891 0.112248
0 0.177805 0.626183 0.036016 0.123044
0 0.240000 0.597471 0.054250 0.098735
0 0.210266 0.568126 0.024031 0.090585
0 0.374289 0.582857 0.038922 0.145293
0 0.578008 0.525445 0.031516 0.121944
0 0.563648 0.496803 0.022453 0.082084
0 0.816781 0.602494 0.047156 0.132670
4 0.643703 0.625176 0.055156 0.095972
4 0.648539 0.735164 0.046016 0.032342
4 0.834227 0.688009 0.075828 0.106932
4 0.819844 0.671721 0.081000 0.094122
4 0.626680 0.590328 0.061922 0.046557
4 0.626891 0.835726 0.114844 0.054731
4 0.178031 0.497822 0.101813 0.174052
4 0.275094 0.527354 0.016125 0.029836
4 0.036375 0.470539 0.015500 0.040703
4 0.051609 0.470609 0.016156 0.038970
4 0.077617 0.469098 0.016484 0.027705
0 0.965117 0.638255 0.065578 0.140492
4 0.310156 0.524590 0.457813 0.159251