3 0.669469 0.295919 0.041031 0.177557
3 0.635320 0.308925 0.026641 0.155428
3 0.559164 0.310752 0.025109 0.152443
3 0.534727 0.311409 0.030141 0.150334
3 0.505242 0.317641 0.033984 0.137620
3 0.422297 0.332630 0.024031 0.089937
3 0.445844 0.324729 0.028969 0.116138
3 0.397617 0.334269 0.022922 0.102109
6 0.225055 0.552182 0.043953 0.105825
3 0.374289 0.319520 0.030672 0.135449
3 0.475187 0.331754 0.029375 0.110313
3 0.600250 0.323403 0.024563 0.126054
3 0.212750 0.358998 0.031313 0.041837
0 0.906305 0.204426 0.023391 0.078121