4 0.117234 0.796781 0.234469 0.346896
4 0.473602 0.815740 0.601297 0.346979
0 0.549438 0.554688 0.522469 0.867417
0 0.854680 0.580063 0.229203 0.758542
0 0.648875 0.177156 0.128094 0.350562
0 0.153367 0.373042 0.306734 0.737083
0 0.350125 0.182688 0.080750 0.168625
0 0.279617 0.241104 0.022922 0.059167
0 0.704547 0.258792 0.045062 0.125292
0 0.721109 0.158385 0.024188 0.079937
6 0.728445 0.425198 0.049891 0.093896
4 0.055680 0.965646 0.111359 0.068708
4 0.872266 0.831292 0.094125 0.310917
0 0.770695 0.247198 0.131672 0.329396
0 0.916227 0.292688 0.167547 0.580417
0 0.834148 0.113208 0.043484 0.087542
3 0.948055 0.801813 0.103891 0.368833