3 0.114344 0.547842 0.079687 0.257995
3 0.059719 0.568007 0.067500 0.295637
4 0.646539 0.536781 0.121297 0.392335
0 0.114648 0.278880 0.177484 0.353703
0 0.837953 0.570790 0.324094 0.835967
0 0.456484 0.346969 0.332000 0.487712
0 0.162484 0.253750 0.072594 0.205896
0 0.215539 0.188066 0.037578 0.117594
0 0.262008 0.348526 0.227828 0.370212
0 0.689430 0.425613 0.158047 0.596415
0 0.342961 0.227830 0.077234 0.199198
0 0.200945 0.177547 0.012328 0.034387
0 0.432344 0.234163 0.113875 0.292429
6 0.108875 0.417358 0.043000 0.072594
6 0.076773 0.946050 0.153547 0.107901
0 0.267219 0.155142 0.035781 0.025660