1 0.416484 0.139448 0.119969 0.096188
1 0.344781 0.127042 0.076344 0.084208
4 0.677852 0.898417 0.097328 0.203167
4 0.707312 0.751177 0.131750 0.192604
0 0.297555 0.200521 0.021859 0.042583
0 0.139953 0.183906 0.094937 0.286271
0 0.060680 0.194010 0.087641 0.249438
0 0.236289 0.205385 0.037266 0.073354
0 0.193695 0.171333 0.061578 0.255583
0 0.391578 0.239646 0.084469 0.127000
5 0.211625 0.661969 0.304750 0.313771
0 0.314328 0.178281 0.045500 0.083146
0 0.564937 0.618000 0.430125 0.694083
0 0.268672 0.202500 0.034250 0.058542
1 0.599703 0.152094 0.024281 0.102104
1 0.382328 0.088219 0.068594 0.036229
4 0.774477 0.487281 0.018453 0.087646
5 0.447609 0.535844 0.134688 0.151688
0 0.366023 0.240979 0.034484 0.073167
0 0.261039 0.178479 0.034016 0.076542
4 0.776000 0.629167 0.048781 0.101958