3 0.735906 0.646469 0.039156 0.157396
3 0.936320 0.644385 0.044203 0.170104
0 0.307164 0.573010 0.222391 0.421063
0 0.083430 0.656688 0.166859 0.652750
0 0.766008 0.485396 0.234266 0.323583
6 0.378297 0.959615 0.113375 0.080771
6 0.257500 0.845729 0.080344 0.081958
5 0.691016 0.874156 0.374156 0.220229
3 0.942445 0.982625 0.051297 0.034750
4 0.195047 0.737354 0.096844 0.219667
4 0.979828 0.694635 0.040344 0.050271
4 0.905914 0.634708 0.016359 0.071167
6 0.421023 0.528250 0.022547 0.036667
6 0.437258 0.542417 0.023547 0.021167
6 0.442844 0.520896 0.032875 0.021750
4 0.155039 0.857875 0.040328 0.024167
5 0.595156 0.609469 0.096406 0.119479