1 0.963906 0.678778 0.044250 0.066611
0 0.294586 0.717083 0.040641 0.117778
0 0.319836 0.697389 0.031516 0.079111
0 0.525055 0.708569 0.018672 0.096139
0 0.480750 0.689708 0.014313 0.080417
0 0.208586 0.696903 0.016172 0.094306
0 0.183352 0.690306 0.020922 0.107556
1 0.769172 0.803375 0.317281 0.370806
0 0.466984 0.682431 0.018469 0.092972
0 0.514164 0.703667 0.012734 0.075667
1 0.967969 0.651764 0.051187 0.044528
1 0.622875 0.675278 0.070906 0.043111
1 0.669523 0.683042 0.023984 0.049806
0 0.664383 0.658236 0.009953 0.026028
1 0.933797 0.767569 0.069406 0.269028