1 0.888000 0.615515 0.124469 0.179508
1 0.958469 0.622728 0.081375 0.215948
1 0.679406 0.566710 0.139063 0.122927
1 0.089211 0.846066 0.172422 0.307869
1 0.058219 0.675714 0.110156 0.273583
1 0.042047 0.548934 0.084094 0.101335
1 0.558648 0.580515 0.064078 0.094473
1 0.984312 0.654485 0.031375 0.164145
1 0.105953 0.461393 0.030531 0.033466
1 0.046719 0.526464 0.092250 0.089274
1 0.634805 0.554848 0.114891 0.147073
1 0.048930 0.506077 0.097859 0.096183
0 0.748914 0.551230 0.059891 0.131358
1 0.526227 0.577857 0.052422 0.092763
1 0.123438 0.388759 0.143750 0.304450