2 0.799242 0.312094 0.030109 0.044800
1 0.612156 0.276941 0.055531 0.036424
1 0.947172 0.269565 0.052906 0.059271
0 0.659602 0.235118 0.092109 0.357953
0 0.147445 0.299941 0.080016 0.225671
0 0.081273 0.213259 0.088047 0.147412
0 0.074883 0.284424 0.149766 0.311200
0 0.831523 0.283506 0.028422 0.103153
0 0.795008 0.264871 0.024578 0.071718
0 0.769766 0.250235 0.030375 0.071906
0 0.444172 0.234424 0.058500 0.206306
0 0.897523 0.256682 0.020359 0.045412
1 0.729742 0.271753 0.061359 0.055929
1 0.187766 0.312541 0.033844 0.055482
1 0.554805 0.289529 0.028078 0.056471