4 0.291453 0.859400 0.182107 0.157880
4 0.702947 0.775980 0.179013 0.153360
4 0.876653 0.742020 0.193200 0.118760
4 0.189013 0.123460 0.104427 0.136120
4 0.308760 0.097560 0.081467 0.093480
4 0.222400 0.066760 0.057867 0.131080
0 0.362400 0.558340 0.350720 0.177280
0 0.839280 0.624350 0.216960 0.161340
0 0.934027 0.461450 0.131947 0.283900
0 0.742413 0.627070 0.113840 0.175460
0 0.705187 0.467670 0.098960 0.163900
0 0.180533 0.381950 0.255627 0.140180
0 0.349320 0.212770 0.125360 0.115100
0 0.796960 0.496540 0.125867 0.105520
4 0.079173 0.778880 0.158347 0.151560
4 0.056347 0.358750 0.081547 0.119340
5 0.617787 0.176390 0.056853 0.030420
0 0.573613 0.397670 0.148080 0.263380
0 0.252947 0.263740 0.093520 0.133320
0 0.161107 0.265430 0.120400 0.143940