3 0.537414 0.358692 0.028672 0.093738
3 0.561977 0.366402 0.020734 0.088318
3 0.572820 0.375701 0.030203 0.091682
4 0.778086 0.797150 0.313797 0.405701
4 0.747516 0.714942 0.261656 0.503528
4 0.166813 0.491449 0.048094 0.148318
6 0.537023 0.527944 0.054984 0.083318
6 0.412625 0.598458 0.058969 0.090280
6 0.623953 0.376857 0.027500 0.047827
6 0.339430 0.528586 0.035391 0.065818
6 0.583406 0.444591 0.035656 0.049276
6 0.634813 0.347196 0.020188 0.036495
0 0.265227 0.417418 0.161984 0.283528
0 0.439141 0.275607 0.143687 0.273785
0 0.322719 0.365736 0.081500 0.225444
0 0.619008 0.248294 0.115422 0.182103
0 0.721344 0.378096 0.070344 0.209556
0 0.736219 0.387255 0.122188 0.390631
0 0.743359 0.510748 0.255469 0.627336
0 0.210391 0.626963 0.420781 0.723598
3 0.957633 0.248423 0.017328 0.050164
6 0.538930 0.324077 0.013984 0.026659
6 0.437461 0.425491 0.019828 0.040935
6 0.558367 0.333096 0.029203 0.037734
6 0.516391 0.345935 0.024375 0.079533
4 0.362078 0.359556 0.037719 0.134486
4 0.316117 0.964533 0.104359 0.070935
4 0.957703 0.629871 0.084594 0.418201