4 0.910023 0.836844 0.081328 0.162688
4 0.145648 0.724000 0.014578 0.052875
6 0.587531 0.860219 0.036281 0.056104
6 0.526578 0.766042 0.027094 0.042583
6 0.453719 0.718510 0.018406 0.030187
0 0.505859 0.627094 0.180844 0.283062
0 0.665539 0.690188 0.152109 0.372958
0 0.771180 0.772135 0.224234 0.453479
0 0.448156 0.595812 0.083500 0.172375
0 0.298594 0.573156 0.043719 0.149438
0 0.189531 0.616615 0.108969 0.226854
0 0.602773 0.590833 0.051297 0.103500
0 0.670063 0.483396 0.042781 0.097083
6 0.346133 0.639521 0.017203 0.023500
0 0.592914 0.488656 0.030016 0.083021
0 0.795867 0.499333 0.029203 0.048667
0 0.118289 0.882990 0.236578 0.233188
4 0.884008 0.937073 0.201297 0.125854
4 0.922281 0.715094 0.155438 0.233563
0 0.071727 0.755281 0.143453 0.263437
4 0.623313 0.643802 0.032156 0.078896
0 0.500000 0.644792 0.996875 0.497917