6 0.217203 0.893073 0.141500 0.213854
4 0.938031 0.444990 0.120094 0.094313
4 0.854055 0.506677 0.094516 0.263896
4 0.230797 0.605052 0.097437 0.271521
4 0.230016 0.523312 0.097625 0.191542
4 0.230469 0.483854 0.093750 0.209375
4 0.227164 0.446333 0.090578 0.200542
4 0.220437 0.240240 0.091844 0.232021
4 0.224461 0.345396 0.092391 0.179458
4 0.221109 0.328854 0.088938 0.143167
0 0.535109 0.540458 0.520781 0.802250
4 0.936133 0.762688 0.127203 0.253250
4 0.805102 0.674635 0.102703 0.093854
4 0.228891 0.396104 0.091563 0.158458
4 0.217969 0.437500 0.085938 0.145833