3 0.907578 0.706562 0.072125 0.189167
3 0.949664 0.688521 0.045641 0.194708
3 0.970195 0.683896 0.036078 0.180375
1 0.487453 0.281125 0.190000 0.179500
1 0.149500 0.259854 0.299000 0.308167
3 0.848211 0.725021 0.024297 0.109708
3 0.693539 0.729292 0.022109 0.115333
3 0.924484 0.691323 0.075687 0.199729
3 0.792461 0.742604 0.037297 0.121958
3 0.820648 0.737063 0.048234 0.116292
3 0.735078 0.733656 0.019500 0.113063
3 0.893117 0.713802 0.076672 0.196604
3 0.836359 0.664406 0.042562 0.014854
3 0.993836 0.732667 0.012328 0.107417
3 0.476055 0.588510 0.064453 0.132938
3 0.428906 0.635417 0.857812 0.337500