2 0.750016 0.718747 0.098000 0.163068
0 0.512336 0.434578 0.043141 0.278009
0 0.672453 0.516136 0.081781 0.344918
0 0.752883 0.450187 0.119453 0.298080
0 0.757914 0.660480 0.082078 0.278946
0 0.928133 0.595703 0.088922 0.569251
0 0.637352 0.339859 0.032766 0.064543
0 0.482695 0.458970 0.061422 0.268384
0 0.438727 0.420211 0.049703 0.223513
0 0.528766 0.364778 0.018375 0.114801
0 0.831773 0.586745 0.058359 0.369180
0 0.830945 0.522166 0.090891 0.404895
0 0.272391 0.398033 0.167375 0.406042
0 0.158906 0.519824 0.124719 0.574028
0 0.500781 0.588993 0.995313 0.634660