0 0.578266 0.454042 0.316562 0.504472
0 0.791297 0.506375 0.227531 0.442694
0 0.338766 0.544264 0.184563 0.492139
0 0.147898 0.618722 0.288203 0.739333
6 0.620016 0.881250 0.034625 0.109833
6 0.285383 0.854097 0.083797 0.093472
6 0.579594 0.690875 0.048969 0.085083
6 0.787703 0.703611 0.057344 0.081500
6 0.405719 0.941500 0.066469 0.116167
4 0.236883 0.529236 0.061266 0.072917
4 0.440750 0.517347 0.024188 0.133250
4 0.671359 0.564750 0.031906 0.115444
4 0.007516 0.616847 0.014688 0.028361
4 0.005133 0.658306 0.009203 0.058222
0 0.773797 0.403292 0.249063 0.536472