2 0.719812 0.866164 0.560375 0.267672
2 0.464542 0.551805 0.015250 0.042391
1 0.285458 0.488523 0.052417 0.030891
0 0.718281 0.762367 0.352687 0.453766
0 0.322750 0.551789 0.060292 0.091016
0 0.414187 0.572844 0.129917 0.132937
0 0.559146 0.550383 0.058500 0.113609
0 0.261510 0.517164 0.037479 0.042266
0 0.112917 0.534828 0.034083 0.045500
0 0.065740 0.560617 0.066062 0.068234
0 0.145021 0.515242 0.091208 0.136172
1 0.354094 0.482117 0.043521 0.024359
0 0.879583 0.566336 0.026792 0.038828
0 0.080146 0.538437 0.072458 0.062375
2 0.609146 0.543539 0.066208 0.034234
2 0.262010 0.552141 0.018146 0.021219
1 0.321375 0.510703 0.048500 0.032781
1 0.387115 0.514383 0.106813 0.058359
2 0.326479 0.565633 0.036417 0.059703
2 0.356646 0.533359 0.023375 0.020781