1 0.464531 0.806313 0.131750 0.128375
1 0.935289 0.933198 0.129422 0.133604
1 0.649734 0.783479 0.086594 0.132375
1 0.686305 0.842042 0.094953 0.175583
1 0.865172 0.743208 0.108094 0.081167
1 0.201273 0.807844 0.156609 0.168437
1 0.124211 0.852135 0.164734 0.172104
1 0.076500 0.898698 0.153000 0.202604
1 0.854773 0.878656 0.290453 0.220229
1 0.761414 0.873667 0.173797 0.232792
1 0.604227 0.732917 0.059203 0.081958
0 0.902805 0.690531 0.027109 0.058063
0 0.044117 0.762313 0.068578 0.056708
0 0.205664 0.720135 0.015953 0.017688
0 0.555906 0.718792 0.016531 0.053917
0 0.720391 0.729688 0.025594 0.037625
0 0.526141 0.702156 0.008594 0.015854
1 0.517742 0.751063 0.061422 0.090000
0 0.021266 0.757188 0.013688 0.019375
0 0.313141 0.798521 0.051187 0.144667
0 0.974430 0.687188 0.030891 0.055667
0 0.957250 0.686594 0.017500 0.046354
1 0.606750 0.760719 0.038781 0.087188
0 0.928133 0.699021 0.030359 0.057708
0 0.189172 0.724604 0.008219 0.012792
1 0.618750 0.752083 0.759375 0.237500