1 0.245740 0.784086 0.041354 0.036953
1 0.370344 0.790797 0.139313 0.053094
0 0.308833 0.870305 0.073750 0.146328
0 0.764938 0.787109 0.048583 0.065281
0 0.233354 0.836719 0.054875 0.097562
0 0.183615 0.851531 0.053687 0.105438
2 0.609958 0.837344 0.118083 0.048531
2 0.744417 0.871789 0.178125 0.058734
0 0.896104 0.763859 0.064125 0.040375
0 0.272906 0.799672 0.025979 0.029437
1 0.645833 0.735789 0.054000 0.020891
0 0.009792 0.854109 0.017083 0.109000
2 0.460219 0.852398 0.024979 0.041016
2 0.441354 0.847438 0.049208 0.053125
2 0.425292 0.821148 0.065875 0.040891
2 0.349135 0.819203 0.062146 0.049125
2 0.189104 0.868070 0.050333 0.071141
2 0.394531 0.819453 0.054771 0.047750
2 0.441125 0.830195 0.030917 0.020953
1 0.552594 0.773336 0.049104 0.044297
0 0.698427 0.790937 0.028646 0.027406
1 0.283125 0.795094 0.057667 0.035594