2 0.478172 0.569658 0.095125 0.148215
1 0.165867 0.753936 0.325984 0.334817
1 0.265219 0.332775 0.075063 0.047115
1 0.168961 0.341809 0.085641 0.045966
1 0.034445 0.345611 0.068609 0.049364
1 0.670289 0.312518 0.051203 0.037164
1 0.750422 0.314535 0.048969 0.035575
1 0.842984 0.320782 0.026906 0.034719
1 0.883078 0.319046 0.045844 0.041174
1 0.933172 0.466638 0.126875 0.125159
1 0.578023 0.299267 0.035516 0.022885
0 0.474438 0.508411 0.051875 0.176137
1 0.642055 0.572127 0.284359 0.215452
1 0.611695 0.295831 0.027578 0.023888
1 0.706789 0.292103 0.015109 0.017311
1 0.547656 0.293399 0.232813 0.039120