3 0.010430 0.381179 0.020453 0.074292
3 0.034023 0.381450 0.023516 0.076344
3 0.055711 0.377500 0.018484 0.071226
3 0.343672 0.341038 0.012219 0.066887
3 0.365117 0.354540 0.010922 0.038703
3 0.357055 0.342252 0.011203 0.064882
3 0.334430 0.351038 0.006734 0.048349
4 0.468711 0.505613 0.118422 0.245943
4 0.564141 0.477972 0.088781 0.212264
4 0.632281 0.465401 0.063406 0.193679
4 0.128625 0.519517 0.126063 0.248750
4 0.111672 0.472134 0.108312 0.168608
4 0.067469 0.628998 0.134937 0.345354
3 0.659008 0.344363 0.007453 0.028726
3 0.650695 0.342594 0.008422 0.034481