0 0.859852 0.962344 0.031297 0.075312
0 0.185641 0.721885 0.027469 0.079187
0 0.206875 0.723000 0.022625 0.066292
0 0.125797 0.810115 0.045312 0.055938
0 0.053875 0.623563 0.024563 0.057292
0 0.788633 0.647438 0.025328 0.088208
0 0.649898 0.551844 0.019078 0.071396
0 0.921258 0.728563 0.022828 0.079625
0 0.786273 0.729115 0.026734 0.075438
0 0.268508 0.926667 0.037953 0.060250
0 0.778852 0.467135 0.017484 0.063437
0 0.805766 0.633052 0.019437 0.077771
1 0.298609 0.840490 0.200062 0.112396
1 0.090070 0.869969 0.180141 0.117646
1 0.177312 0.662677 0.163062 0.094688
1 0.197281 0.581854 0.107844 0.085792
1 0.371359 0.517521 0.141813 0.090708
1 0.511203 0.465010 0.127375 0.087896
1 0.769914 0.358031 0.112984 0.073979
2 0.276094 0.948562 0.064562 0.046292
1 0.343375 0.620104 0.159406 0.090542
1 0.773383 0.295271 0.041016 0.066625
1 0.640625 0.402281 0.106844 0.068562
1 0.727492 0.208146 0.042703 0.067833
1 0.398367 0.426990 0.105703 0.066812
0 0.877438 0.492885 0.018563 0.071229
1 0.476297 0.442865 0.091563 0.080521
0 0.549219 0.455208 0.898438 0.747917
1 0.546094 0.367708 0.885938 0.722917