4 0.183469 0.633899 0.024219 0.119461
4 0.505734 0.637518 0.042344 0.076347
4 0.394461 0.624778 0.045453 0.114098
4 0.904203 0.626276 0.066844 0.076628
0 0.092258 0.475585 0.047641 0.039133
0 0.215914 0.601967 0.062859 0.174239
0 0.315477 0.598372 0.068172 0.171920
0 0.400422 0.600597 0.061531 0.156230
4 0.707531 0.608232 0.023281 0.063864
0 0.551219 0.596347 0.033750 0.156440
0 0.574242 0.603689 0.051547 0.151311
0 0.626023 0.606171 0.033891 0.152342
0 0.738984 0.603852 0.058062 0.164333
0 0.075555 0.522986 0.059516 0.105316
0 0.422383 0.548279 0.034641 0.046159
0 0.511773 0.556370 0.044141 0.070913
0 0.656484 0.602037 0.054656 0.156956
4 0.892813 0.618384 0.041438 0.026464
4 0.037320 0.641136 0.026078 0.122084
4 0.354586 0.615867 0.034953 0.040304
4 0.671742 0.616885 0.046016 0.041452
4 0.808617 0.625867 0.035422 0.099977
4 0.986570 0.620609 0.026859 0.093489
4 0.555852 0.622974 0.060109 0.032881
0 0.022719 0.603419 0.044781 0.180422
4 0.060156 0.558548 0.042188 0.030445
0 0.660156 0.579625 0.667188 0.194379