4 0.225219 0.772187 0.039563 0.136000
5 0.556211 0.676823 0.115172 0.143604
5 0.488547 0.755010 0.118000 0.147771
5 0.480992 0.573344 0.064484 0.112688
5 0.588211 0.670500 0.071172 0.048917
0 0.740039 0.528042 0.068328 0.073708
0 0.660539 0.772104 0.290859 0.452750
0 0.559617 0.532937 0.108891 0.121958
0 0.493531 0.563667 0.106375 0.199375
0 0.325531 0.670010 0.168531 0.266146
0 0.136516 0.748313 0.229219 0.440458
0 0.357945 0.810500 0.237234 0.377625
0 0.730836 0.647604 0.129328 0.227625
0 0.763406 0.603854 0.107594 0.192250
0 0.798281 0.522771 0.061469 0.153583
0 0.570742 0.506896 0.084672 0.096250
0 0.421352 0.615740 0.107859 0.184271
4 0.047250 0.593344 0.055219 0.029104
4 0.216750 0.649833 0.051562 0.129208
4 0.799680 0.728698 0.026297 0.093271
5 0.652273 0.538802 0.028609 0.040104
4 0.708492 0.917771 0.231078 0.164458
4 0.805688 0.789958 0.028469 0.100083
4 0.134125 0.926615 0.153469 0.145854
4 0.819266 0.687635 0.030375 0.109146
4 0.291055 0.965062 0.164891 0.067292
5 0.616352 0.574208 0.020328 0.042083
5 0.562180 0.578917 0.034047 0.022708
5 0.490930 0.642604 0.077516 0.095958
0 0.374641 0.545271 0.070500 0.122875
4 0.067547 0.676115 0.041813 0.051146
4 0.021000 0.575323 0.041406 0.072354
4 0.088906 0.899937 0.051406 0.093000
0 0.733594 0.627083 0.142187 0.212500