5 0.511828 0.497750 0.091219 0.090083
5 0.341297 0.602719 0.180250 0.174604
5 0.695500 0.588510 0.133750 0.169771
5 0.708469 0.399500 0.064094 0.061667
5 0.831969 0.404250 0.065938 0.062000
5 0.838469 0.389698 0.039813 0.053937
5 0.121641 0.547646 0.165688 0.146583
4 0.081219 0.825094 0.161781 0.327104
4 0.264609 0.791010 0.232594 0.274146
4 0.497195 0.847187 0.242703 0.305625
4 0.879750 0.694312 0.194219 0.288042
4 0.695352 0.516615 0.111516 0.058104
4 0.077641 0.427833 0.076250 0.056375
4 0.052250 0.410448 0.070656 0.094188
4 0.386227 0.409667 0.072641 0.070500
4 0.416078 0.355583 0.046969 0.043167
4 0.478492 0.440833 0.080922 0.119125
5 0.638813 0.366583 0.050906 0.043250
5 0.737750 0.376052 0.061437 0.046812
0 0.935320 0.404802 0.129359 0.190062
4 0.563500 0.491146 0.054375 0.061250
4 0.395445 0.464021 0.097516 0.055417
5 0.326102 0.467594 0.119047 0.083437
4 0.827266 0.810958 0.258469 0.378083
5 0.594039 0.385854 0.056922 0.053792
4 0.472656 0.484375 0.939063 0.264583