4 0.915750 0.482016 0.168500 0.329531
4 0.303875 0.562680 0.087958 0.142953
0 0.518354 0.378656 0.713125 0.676406
6 0.916906 0.937383 0.166187 0.125234
0 0.885573 0.228398 0.158312 0.192953
3 0.660760 0.084969 0.015979 0.041688
3 0.673844 0.090453 0.010937 0.028281
3 0.688729 0.088219 0.016292 0.031813
4 0.708208 0.583023 0.040792 0.103828
3 0.714854 0.091953 0.017875 0.023125
3 0.734833 0.090219 0.019375 0.027531
3 0.775927 0.091719 0.014687 0.021906
3 0.788104 0.091844 0.012625 0.020906
3 0.983542 0.060781 0.032917 0.031000
3 0.817604 0.066398 0.026000 0.027641
6 0.097562 0.742828 0.186083 0.245969
4 0.763896 0.257344 0.122042 0.107781
3 0.762021 0.088602 0.010750 0.022578
3 0.800229 0.311625 0.020333 0.049844
0 0.900937 0.337531 0.198125 0.405531