0 0.424800 0.552867 0.146720 0.644507
0 0.933700 0.577520 0.124720 0.813493
2 0.538900 0.459920 0.026400 0.122187
1 0.145790 0.483147 0.291580 0.314613
1 0.491350 0.367067 0.058100 0.084320
1 0.044660 0.300440 0.085960 0.058427
1 0.724700 0.344987 0.041640 0.061067
1 0.682250 0.346267 0.048100 0.071893
1 0.533570 0.328907 0.048780 0.034507
1 0.663760 0.352387 0.032200 0.064400
1 0.781580 0.342507 0.015400 0.045973
1 0.240560 0.364387 0.176880 0.160400
1 0.843510 0.337667 0.015580 0.031173
1 0.814490 0.343680 0.030500 0.034293
1 0.793340 0.344213 0.019120 0.041333