3 0.437008 0.170678 0.068547 0.277430
3 0.115711 0.243832 0.112516 0.380514
3 0.650047 0.286565 0.097250 0.398224
3 0.027797 0.362921 0.052594 0.384252
4 0.796602 0.258236 0.196484 0.298902
4 0.931305 0.287640 0.137391 0.224720
4 0.688930 0.169334 0.060453 0.193341
4 0.838656 0.167348 0.118656 0.123668
4 0.869211 0.105093 0.048203 0.029533
0 0.322570 0.129229 0.400547 0.258458
4 0.934453 0.549264 0.131094 0.512313
4 0.815195 0.097605 0.052484 0.031238
4 0.963250 0.131320 0.073500 0.067921
4 0.555375 0.104463 0.056844 0.090794
4 0.830258 0.332605 0.111203 0.236706