4 0.767938 0.713970 0.087250 0.158993
4 0.218875 0.693232 0.088688 0.188431
5 0.696570 0.840234 0.106297 0.092927
5 0.488453 0.556382 0.059188 0.045691
0 0.305102 0.539321 0.175422 0.813489
0 0.186664 0.403372 0.172422 0.667400
0 0.087711 0.412365 0.115453 0.379766
0 0.067961 0.178607 0.087672 0.160211
0 0.423562 0.376393 0.146531 0.233115
0 0.586195 0.326030 0.081672 0.210609
0 0.754063 0.586569 0.133750 0.331967
0 0.877836 0.585386 0.241391 0.797752
0 0.896367 0.185059 0.076453 0.084028
0 0.729992 0.340632 0.064203 0.187869
0 0.448766 0.225714 0.059750 0.110539
0 0.950711 0.206534 0.098297 0.115972
0 0.516953 0.331616 0.051313 0.186745
0 0.599219 0.447307 0.507812 0.571429