2 0.688758 0.714668 0.065703 0.135781
1 0.632141 0.631894 0.182062 0.189236
1 0.060891 0.697674 0.121781 0.277209
0 0.367727 0.603372 0.049422 0.194186
0 0.445711 0.593256 0.041766 0.139070
0 0.684063 0.611595 0.053344 0.271827
0 0.823641 0.594219 0.038969 0.142924
0 0.268797 0.585714 0.022437 0.077940
0 0.206953 0.575615 0.018781 0.067907
0 0.152336 0.585349 0.019359 0.088638
0 0.180633 0.580831 0.027422 0.105050
0 0.136953 0.579801 0.016156 0.111495
2 0.821172 0.647691 0.041563 0.102492
0 0.187242 0.573189 0.008672 0.072226
0 0.496891 0.599103 0.039969 0.144186
1 0.831461 0.595847 0.080516 0.087841
1 0.149070 0.588920 0.037734 0.064286
0 0.752828 0.568405 0.016844 0.055947
0 0.475297 0.573488 0.013750 0.068837