3 0.194383 0.803454 0.073797 0.134262
3 0.284125 0.666077 0.019594 0.041054
3 0.229617 0.713806 0.027672 0.070562
0 0.406094 0.668489 0.156969 0.663021
0 0.596133 0.643724 0.142109 0.567260
0 0.813273 0.640515 0.207828 0.695269
0 0.459438 0.442096 0.051938 0.169016
0 0.377406 0.448595 0.041344 0.078735
0 0.359766 0.425105 0.034406 0.134520
6 0.285656 0.702365 0.026125 0.036393
6 0.683828 0.596253 0.016406 0.041874
0 0.570711 0.397096 0.084828 0.127775
6 0.947016 0.760855 0.039594 0.063162
6 0.137328 0.058642 0.032156 0.075269
6 0.179172 0.086511 0.026875 0.062670
6 0.089078 0.069567 0.032000 0.096230
3 0.230078 0.805714 0.032219 0.134707
3 0.287937 0.656487 0.021531 0.053396
3 0.243188 0.742119 0.015219 0.068923