0 0.662461 0.497468 0.675078 0.984853
0 0.319523 0.681597 0.636328 0.636807
0 0.191609 0.693498 0.104031 0.173887
3 0.057516 0.260483 0.014656 0.074244
3 0.255672 0.258561 0.016250 0.087374
3 0.101141 0.255956 0.015656 0.088971
3 0.118070 0.259044 0.023266 0.082668
3 0.134594 0.270221 0.016250 0.056702
3 0.165961 0.267668 0.015297 0.066849
3 0.196273 0.271954 0.019797 0.053697
3 0.209945 0.265956 0.017391 0.072206
3 0.227008 0.245473 0.023391 0.116996
3 0.271367 0.261796 0.015172 0.081366
3 0.070641 0.260651 0.012562 0.072983
3 0.181344 0.276849 0.014438 0.046765
6 0.664062 0.231712 0.055813 0.064517
6 0.655141 0.338277 0.047875 0.062857
6 0.574023 0.124958 0.053109 0.059664
6 0.654625 0.128445 0.039281 0.061303
6 0.720578 0.129233 0.034281 0.063508
6 0.735766 0.235819 0.025688 0.058571
6 0.591445 0.234569 0.044922 0.054265
6 0.722578 0.340242 0.033719 0.052752
0 0.218328 0.727868 0.208406 0.385987
3 0.150977 0.268887 0.016516 0.064454
6 0.584055 0.338981 0.045141 0.058845
3 0.053125 0.267857 0.081250 0.065126