3 0.518664 0.575082 0.025516 0.133396
3 0.544617 0.575059 0.026172 0.130773
3 0.489703 0.396838 0.034250 0.148665
3 0.494469 0.571768 0.025375 0.126815
1 0.799555 0.554778 0.400047 0.417658
1 0.626594 0.394215 0.177219 0.158735
4 0.842586 0.644227 0.061641 0.163864
0 0.305984 0.605105 0.112906 0.377564
0 0.443047 0.378653 0.190406 0.532576
0 0.728820 0.591686 0.210641 0.356956
0 0.907617 0.682436 0.171297 0.439204
0 0.322750 0.451674 0.133125 0.190749
0 0.987188 0.889883 0.024531 0.071616
2 0.045727 0.438197 0.088453 0.112365
1 0.711234 0.361382 0.053906 0.038782
1 0.831648 0.342412 0.092297 0.015269
4 0.169023 0.927389 0.064422 0.144848
0 0.534398 0.518689 0.067328 0.221546
1 0.170344 0.391030 0.045531 0.074988
4 0.376828 0.609251 0.024469 0.073349
0 0.199320 0.707787 0.398641 0.584426
3 0.054094 0.547049 0.025219 0.126698