2 0.665635 0.668336 0.173229 0.144141
2 0.806833 0.596289 0.095250 0.083141
2 0.722229 0.597961 0.068333 0.098078
2 0.727490 0.530367 0.093063 0.042609
0 0.551781 0.653961 0.142812 0.313547
2 0.865750 0.634461 0.066208 0.111016
2 0.445615 0.666594 0.144229 0.144875
2 0.939115 0.621031 0.100854 0.154469
1 0.872219 0.491539 0.116604 0.051359
1 0.243510 0.488742 0.056354 0.020391
0 0.657927 0.618289 0.093479 0.226359
0 0.500625 0.562180 0.086500 0.117734
0 0.798729 0.492305 0.017375 0.040953
0 0.228198 0.476898 0.012687 0.013828
0 0.216354 0.477922 0.010000 0.021125
2 0.895312 0.598539 0.050250 0.052797
2 0.982010 0.603930 0.035062 0.045922
0 0.719823 0.512055 0.041729 0.066078
2 0.875135 0.567320 0.071438 0.026953
2 0.992323 0.641328 0.015354 0.056313