0 0.514198 0.397867 0.687604 0.441703
0 0.274344 0.284727 0.116562 0.079484
0 0.404750 0.270430 0.093917 0.089016
6 0.039156 0.821234 0.078313 0.178906
6 0.771302 0.658820 0.149479 0.127797
3 0.132333 0.224047 0.012333 0.035000
3 0.238135 0.223828 0.016479 0.037094
3 0.146677 0.225219 0.013271 0.035719
6 0.092958 0.344727 0.037458 0.037859
0 0.285885 0.263062 0.115229 0.068594
0 0.319375 0.195422 0.035500 0.038250
0 0.028615 0.308039 0.057229 0.064422
0 0.183458 0.248047 0.071167 0.066719
0 0.447417 0.255289 0.050875 0.064359
3 0.059740 0.224000 0.011021 0.024531
3 0.120583 0.224391 0.012375 0.034781
3 0.155438 0.223633 0.010125 0.032016
3 0.049333 0.340109 0.039375 0.054125
4 0.217177 0.521336 0.156146 0.098453
4 0.114229 0.490805 0.133542 0.117922
4 0.301500 0.501234 0.133458 0.122594