3 0.392156 0.787724 0.033406 0.222760
3 0.328898 0.368423 0.008766 0.075412
3 0.650164 0.446541 0.013672 0.103548
3 0.589648 0.310036 0.006266 0.026452
3 0.541086 0.323710 0.005641 0.030000
4 0.939508 0.837634 0.120984 0.324731
4 0.451883 0.361774 0.033547 0.120896
4 0.483609 0.421989 0.027375 0.169498
4 0.482469 0.329247 0.026969 0.081505
4 0.431523 0.489892 0.046047 0.224731
0 0.475594 0.663584 0.218594 0.444014
0 0.188477 0.713154 0.134172 0.430896
0 0.116570 0.732581 0.209641 0.521362
0 0.221336 0.333100 0.038797 0.131075
0 0.567383 0.272186 0.036422 0.089534
0 0.631500 0.298530 0.059656 0.146165
0 0.789922 0.333978 0.051406 0.142222
0 0.863305 0.302312 0.037234 0.166559
0 0.231063 0.613763 0.160312 0.455197
0 0.644234 0.733799 0.144187 0.483728
0 0.751062 0.823226 0.201906 0.351613
3 0.599234 0.320502 0.009469 0.033548
6 0.340398 0.852724 0.020609 0.135771
6 0.532273 0.936685 0.027672 0.126631
6 0.267320 0.901290 0.072453 0.197419
6 0.729898 0.496756 0.018641 0.066846
4 0.142180 0.573477 0.032766 0.118853
4 0.507844 0.407939 0.031062 0.105699
4 0.738164 0.658638 0.067078 0.072043
4 0.934266 0.458441 0.018313 0.077527
6 0.553719 0.478065 0.011625 0.050609
6 0.694937 0.543602 0.013469 0.045842
6 0.764805 0.519104 0.013891 0.067240
4 0.856594 0.789373 0.128406 0.387419
4 0.955727 0.580627 0.084984 0.261685
4 0.879891 0.558477 0.016719 0.112222
0 0.361492 0.362222 0.049141 0.137276
4 0.446633 0.462849 0.022234 0.199606
0 0.342836 0.295878 0.046797 0.113047
0 0.498437 0.546595 0.984375 0.799283
4 0.465625 0.288530 0.046875 0.060932