2 0.127484 0.553170 0.254062 0.380906
0 0.588992 0.349434 0.139578 0.478642
0 0.230602 0.393038 0.127891 0.393094
0 0.745258 0.202302 0.020453 0.083019
0 0.316813 0.342132 0.124969 0.376491
0 0.047594 0.398811 0.094906 0.503358
0 0.712742 0.249057 0.048391 0.179774
0 0.860688 0.232585 0.016750 0.105623
0 0.461414 0.195066 0.161547 0.201792
0 0.368070 0.332613 0.082578 0.357264
0 0.147031 0.204689 0.023531 0.057717
0 0.105469 0.199877 0.025062 0.058887
0 0.278859 0.194019 0.042562 0.081585
0 0.520312 0.302830 0.912500 0.266038