4 0.572484 0.900823 0.148688 0.198354
4 0.292852 0.750635 0.088797 0.164646
4 0.752641 0.721260 0.079375 0.159396
4 0.683437 0.755792 0.075969 0.182625
0 0.393547 0.738208 0.150000 0.501125
0 0.095227 0.755052 0.187078 0.489896
0 0.204148 0.661167 0.125547 0.242417
0 0.815406 0.595313 0.078938 0.163083
0 0.706945 0.503635 0.062422 0.076229
0 0.657711 0.517042 0.032547 0.031958
0 0.614320 0.479729 0.019766 0.036750
0 0.283453 0.530521 0.061156 0.184583
0 0.862445 0.559250 0.042859 0.127542
0 0.969406 0.708385 0.061187 0.263896
3 0.086648 0.536146 0.009422 0.027667
6 0.267133 0.624229 0.013547 0.024500
6 0.302320 0.622083 0.011953 0.025208
3 0.094609 0.534052 0.009312 0.029771
4 0.201289 0.725448 0.094078 0.139229
4 0.957094 0.804656 0.085812 0.243521
0 0.569961 0.810229 0.175078 0.299958
0 0.761102 0.532094 0.041328 0.075354
6 0.494016 0.713604 0.019344 0.037958
4 0.843172 0.672958 0.124656 0.189250
0 0.590352 0.512156 0.019328 0.052521
0 0.525781 0.679167 0.826562 0.500000