4 0.308992 0.852117 0.285391 0.258422
4 0.649484 0.870586 0.216156 0.153391
4 0.534500 0.755188 0.122031 0.272281
0 0.779773 0.708297 0.431453 0.546063
0 0.349797 0.529953 0.128781 0.177719
5 0.543195 0.546859 0.105109 0.065312
0 0.261258 0.727477 0.391891 0.520266
6 0.084375 0.725680 0.034187 0.065234
6 0.423977 0.574273 0.020484 0.036391
4 0.800000 0.944945 0.143813 0.083141
4 0.074031 0.465289 0.023125 0.043891
4 0.959625 0.663891 0.080750 0.096031
4 0.143602 0.553492 0.094766 0.159203
4 0.202586 0.509086 0.049859 0.081672
4 0.145930 0.419984 0.032266 0.014719
4 0.055969 0.490258 0.030594 0.082516
4 0.093602 0.441531 0.023891 0.045062
0 0.472844 0.489938 0.139969 0.170625
6 0.010406 0.705000 0.020469 0.049750