1 0.712375 0.712371 0.224844 0.211236
1 0.945383 0.648319 0.109234 0.137098
1 0.487125 0.635963 0.071094 0.091063
1 0.563375 0.651437 0.099781 0.145115
1 0.428117 0.616940 0.041609 0.054224
1 0.810242 0.622759 0.092016 0.080230
0 0.207617 0.628693 0.032641 0.128420
0 0.247750 0.614583 0.015906 0.064339
0 0.263938 0.618290 0.010906 0.060489
0 0.296016 0.559353 0.005125 0.038937
0 0.231914 0.613276 0.015484 0.064483
0 0.893695 0.572960 0.013328 0.020287
2 0.013852 0.734353 0.027547 0.084109
1 0.406039 0.597256 0.033484 0.057960
1 0.915180 0.622787 0.088391 0.093276