4 0.127164 0.816773 0.124453 0.331105
6 0.395758 0.615397 0.044641 0.058663
6 0.764945 0.641163 0.044578 0.063178
6 0.802906 0.688159 0.048094 0.038140
6 0.558102 0.771696 0.038859 0.075213
6 0.556664 0.707626 0.048234 0.052306
6 0.628453 0.709448 0.035219 0.052035
6 0.173547 0.591802 0.026000 0.029651
0 0.500289 0.597151 0.222703 0.384767
0 0.312562 0.719254 0.189750 0.560446
0 0.596703 0.530271 0.222438 0.238333
0 0.243117 0.541453 0.136922 0.310775
0 0.293789 0.461589 0.041734 0.107791
0 0.829086 0.711948 0.327672 0.576105
0 0.972523 0.512587 0.038391 0.169632
0 0.071313 0.456405 0.075469 0.141802
0 0.092008 0.694903 0.168828 0.567054
6 0.631430 0.768605 0.037391 0.067829
6 0.687195 0.753828 0.051328 0.040640
4 0.220422 0.860610 0.056688 0.266570