0 0.928906 0.343990 0.086313 0.135646
0 0.786828 0.575906 0.226125 0.591104
0 0.825594 0.225146 0.066156 0.158417
0 0.587500 0.232802 0.078625 0.158229
0 0.299070 0.285927 0.043734 0.082729
0 0.268789 0.236406 0.024203 0.059479
0 0.879148 0.201781 0.050828 0.091729
0 0.517680 0.313906 0.067453 0.099854
0 0.787367 0.224417 0.060922 0.154583
0 0.669023 0.114094 0.062922 0.089063
0 0.986109 0.074083 0.027781 0.090708
0 0.950508 0.275375 0.070484 0.108000
3 0.206422 0.464302 0.009031 0.038812
4 0.424195 0.145292 0.027078 0.036542
4 0.443844 0.150875 0.047313 0.048875
4 0.446313 0.127375 0.027906 0.052125
4 0.327313 0.151521 0.053094 0.051375
4 0.351555 0.152135 0.050828 0.049354
4 0.298859 0.194365 0.038375 0.035271
4 0.322398 0.194750 0.036141 0.034875
4 0.661781 0.357635 0.039594 0.041229
4 0.428031 0.315188 0.035125 0.076208
4 0.652531 0.199542 0.039438 0.034292
3 0.219711 0.467687 0.008359 0.037917
3 0.192195 0.469292 0.010328 0.037417
3 0.321727 0.485833 0.009672 0.038542
4 0.379789 0.166469 0.042609 0.074688
4 0.273281 0.193927 0.039062 0.035771
4 0.422492 0.242083 0.067328 0.067417
0 0.507078 0.160188 0.046781 0.099542
4 0.507812 0.267708 0.981250 0.368750
0 0.500000 0.218750 0.996875 0.412500