0 0.444704 0.497750 0.328004 0.573031
0 0.632149 0.504898 0.183816 0.511859
1 0.322884 0.315703 0.069846 0.024594
1 0.273936 0.316195 0.064715 0.027859
1 0.535406 0.310969 0.062127 0.031313
2 0.034211 0.377461 0.058289 0.086578
2 0.045428 0.348031 0.090855 0.110937
2 0.108904 0.367781 0.072719 0.064312
2 0.143684 0.360961 0.053640 0.074422
2 0.169002 0.359500 0.070548 0.083625
2 0.242763 0.352391 0.076404 0.080625
2 0.291568 0.361109 0.038355 0.067094
2 0.015263 0.391961 0.030526 0.060047
2 0.312851 0.353805 0.044079 0.076797
2 0.199496 0.361109 0.052675 0.065187
1 0.271228 0.303984 0.058158 0.017688
1 0.706743 0.340703 0.136469 0.093937
1 0.771096 0.344992 0.080175 0.059109
0 0.820888 0.318883 0.048224 0.071703
0 0.544013 0.327922 0.029079 0.057500