0 0.662211 0.686706 0.361922 0.626588
0 0.940969 0.524718 0.118062 0.514612
0 0.762633 0.451482 0.132266 0.442024
0 0.367852 0.579106 0.141766 0.579765
0 0.499570 0.268918 0.040266 0.118824
0 0.177383 0.139576 0.048828 0.096612
0 0.853602 0.246294 0.046078 0.161294
0 0.437867 0.271800 0.056891 0.155788
0 0.688180 0.245400 0.044078 0.110612
0 0.042750 0.878353 0.085500 0.243294
0 0.328617 0.277259 0.055359 0.034094
2 0.951031 0.252200 0.048906 0.074329
0 0.172367 0.517729 0.048984 0.128071
2 0.901180 0.264565 0.049016 0.088753