2 0.092432 0.809400 0.094054 0.064800
2 0.541937 0.938670 0.230300 0.122220
1 0.041952 0.721350 0.083904 0.071620
0 0.399024 0.807070 0.136847 0.221580
0 0.501652 0.764190 0.047387 0.186540
0 0.858393 0.798600 0.066697 0.235960
0 0.699850 0.839200 0.120420 0.321600
0 0.727838 0.722790 0.049489 0.081340
0 0.264324 0.759190 0.139459 0.205460
0 0.879685 0.780500 0.067898 0.210200
0 0.043679 0.771010 0.087357 0.164180
0 0.950360 0.762720 0.095195 0.188880
0 0.986547 0.719720 0.026907 0.090960
0 0.621201 0.780430 0.069069 0.210180
0 0.569700 0.737230 0.025165 0.086940