0 0.414060 0.389653 0.022720 0.050133
0 0.396310 0.392200 0.020780 0.053787
0 0.446320 0.370720 0.013440 0.054933
0 0.380520 0.383013 0.011760 0.041333
2 0.412470 0.402600 0.011140 0.025253
1 0.783000 0.365160 0.055280 0.045573
1 0.762320 0.401587 0.091000 0.036133
1 0.433070 0.716493 0.079860 0.156187
1 0.664250 0.699680 0.096740 0.189760
1 0.729860 0.558200 0.083640 0.084133
0 0.344700 0.408587 0.019400 0.042773
0 0.617800 0.461613 0.022920 0.050320
1 0.638880 0.594640 0.071480 0.102667
1 0.538460 0.688787 0.081800 0.180293
1 0.704210 0.496507 0.075020 0.101600
1 0.751820 0.434067 0.107960 0.067173
1 0.530690 0.592347 0.078020 0.097867
1 0.784300 0.486000 0.039880 0.046080