1 0.735047 0.534414 0.164656 0.303229
1 0.361719 0.468129 0.053156 0.046600
1 0.384688 0.491129 0.064531 0.065286
0 0.142281 0.517457 0.034937 0.118800
2 0.143500 0.547943 0.041469 0.067429
0 0.173367 0.528171 0.024328 0.102286
0 0.220023 0.508300 0.015547 0.087000
0 0.198750 0.501700 0.029625 0.069971
2 0.219273 0.538100 0.010391 0.067686
1 0.241195 0.511286 0.030359 0.090343
0 0.415078 0.478600 0.012812 0.065543
2 0.197141 0.552700 0.008812 0.049857
2 0.167594 0.563029 0.018812 0.034400
0 0.168266 0.476600 0.021656 0.035829