3 0.732586 0.545375 0.049953 0.277400
3 0.558648 0.480012 0.029297 0.138056
0 0.332086 0.591218 0.360641 0.817564
0 0.709922 0.468536 0.187406 0.316838
0 0.833234 0.460585 0.109688 0.229742
0 0.108961 0.814426 0.211953 0.371148
0 0.356570 0.383993 0.070453 0.113653
3 0.082219 0.334813 0.015781 0.070328
3 0.095102 0.341674 0.012672 0.052248
6 0.812852 0.595457 0.045453 0.116206
0 0.939883 0.440070 0.120234 0.318220
0 0.574633 0.453665 0.023484 0.105597
6 0.764664 0.771733 0.092609 0.078080
0 0.052977 0.497974 0.105953 0.423255
3 0.950195 0.713630 0.099609 0.245059