3 0.917750 0.657365 0.028063 0.151452
0 0.101430 0.519145 0.202859 0.934684
0 0.273227 0.349930 0.180734 0.349461
0 0.880664 0.421276 0.181422 0.392248
0 0.298094 0.597073 0.280531 0.782014
0 0.443867 0.608852 0.135828 0.692459
6 0.927719 0.696932 0.027687 0.107822
6 0.557344 0.725047 0.078531 0.055855
6 0.566648 0.675925 0.031359 0.048197
3 0.684891 0.916850 0.063750 0.166300
3 0.957164 0.659040 0.033203 0.099204
6 0.532703 0.892389 0.052594 0.182436
6 0.527039 0.668044 0.012391 0.045738
3 0.691391 0.719157 0.021844 0.049087