2 0.092078 0.658052 0.030281 0.048188
1 0.391023 0.618802 0.047578 0.065146
0 0.948703 0.647677 0.054156 0.189646
0 0.122781 0.639271 0.034625 0.085583
0 0.013977 0.634958 0.018391 0.066667
0 0.983938 0.656219 0.032125 0.164313
0 0.589445 0.566458 0.019141 0.033250
0 0.498266 0.576135 0.026625 0.044979
0 0.469961 0.573125 0.027484 0.041833
0 0.061578 0.654427 0.042156 0.106021
0 0.011328 0.668719 0.021344 0.141187
0 0.176430 0.602781 0.005734 0.023813
0 0.819578 0.610979 0.041344 0.080208
0 0.540758 0.602083 0.024578 0.030583
0 0.326422 0.595885 0.019625 0.037354
2 0.133937 0.682719 0.074594 0.046354