3 0.417094 0.767286 0.023844 0.081688
3 0.389539 0.803299 0.022734 0.110545
4 0.848125 0.566416 0.061969 0.068675
6 0.413539 0.865000 0.046203 0.121325
6 0.477734 0.853299 0.047594 0.110494
0 0.496008 0.600286 0.171016 0.717195
0 0.437875 0.510792 0.068906 0.431351
0 0.273633 0.442506 0.109453 0.238364
0 0.214258 0.521000 0.157984 0.359299
0 0.198336 0.675727 0.239016 0.533740
0 0.128102 0.654701 0.253359 0.687065
0 0.229227 0.454935 0.088391 0.281974
0 0.862711 0.508052 0.052516 0.159740
0 0.403609 0.401091 0.056781 0.168156
0 0.666445 0.523597 0.270359 0.925844
0 0.281633 0.426948 0.083078 0.209377
3 0.408211 0.768870 0.013016 0.064857
6 0.359602 0.938779 0.047078 0.122286
0 0.440984 0.270351 0.052719 0.100597
6 0.334211 0.876623 0.025578 0.039532
6 0.253250 0.882468 0.035625 0.062078
6 0.370445 0.853169 0.030859 0.058494
6 0.414344 0.931506 0.046000 0.018286
6 0.477164 0.925610 0.045891 0.022234
6 0.478375 0.907273 0.044781 0.023169
6 0.476875 0.943468 0.046344 0.022416
4 0.880203 0.733961 0.083906 0.210364
0 0.343031 0.384182 0.053844 0.148104
6 0.254984 0.957325 0.023281 0.085351
6 0.413664 0.922247 0.046734 0.022675
0 0.617188 0.488312 0.762500 0.379221