0 0.332008 0.579289 0.085516 0.261016
0 0.286414 0.526539 0.041641 0.102484
0 0.466727 0.534906 0.043984 0.118250
0 0.444180 0.523813 0.023891 0.113125
1 0.868828 0.505437 0.053219 0.059188
0 0.223281 0.514219 0.009625 0.046625
0 0.271680 0.518125 0.022609 0.056344
0 0.952430 0.513336 0.014859 0.038078
0 0.129109 0.496148 0.013156 0.026984
2 0.900234 0.523281 0.030594 0.024844
1 0.984930 0.525422 0.030141 0.041844
0 0.968305 0.512484 0.023672 0.042750
0 0.242086 0.517406 0.019109 0.067375
0 0.207437 0.509703 0.010469 0.028281
2 0.241109 0.532656 0.019250 0.036344