3 0.290664 0.402657 0.012734 0.067633
3 0.311000 0.406691 0.010437 0.054879
3 0.322070 0.406051 0.012672 0.055966
3 0.301180 0.399891 0.011391 0.064855
3 0.497555 0.432621 0.011859 0.041522
4 0.759766 0.710157 0.120500 0.224855
4 0.285641 0.841570 0.158438 0.289903
4 0.357484 0.654191 0.098094 0.067754
4 0.644461 0.597681 0.099516 0.098357
4 0.507586 0.747234 0.139047 0.299928
0 0.205430 0.379505 0.148609 0.198188
0 0.359492 0.602899 0.138109 0.287633
0 0.399727 0.518973 0.106953 0.424855
0 0.513234 0.616655 0.109438 0.342440
0 0.644164 0.585411 0.081297 0.352850
0 0.846023 0.542705 0.104672 0.460676
0 0.728977 0.626884 0.194547 0.384493
0 0.472148 0.495217 0.048422 0.185217
0 0.314430 0.723829 0.237797 0.522005
3 0.486750 0.403454 0.006813 0.019130
3 0.476594 0.398659 0.006656 0.012343