4 0.310711 0.218719 0.016203 0.094937
4 0.397430 0.158906 0.082641 0.109021
4 0.368633 0.181938 0.052891 0.161750
0 0.331180 0.510104 0.227516 0.431458
0 0.642602 0.602594 0.197641 0.298271
6 0.542445 0.364969 0.014047 0.040104
0 0.802352 0.315563 0.075797 0.064250
6 0.526672 0.359438 0.017844 0.040083
0 0.573820 0.248812 0.079391 0.129708
0 0.294961 0.129688 0.064516 0.259375
0 0.966719 0.284031 0.066562 0.163979
0 0.817594 0.569135 0.150000 0.377771
0 0.889750 0.300802 0.077906 0.114104
0 0.745906 0.294146 0.072719 0.093500