1 0.732391 0.566187 0.162062 0.102929
0 0.552930 0.530897 0.310078 0.719103
0 0.830039 0.601174 0.097859 0.298021
0 0.285641 0.492032 0.073000 0.187810
0 0.219898 0.497982 0.034328 0.177704
0 0.244578 0.466029 0.020250 0.093588
0 0.357328 0.366095 0.035344 0.068021
0 0.582289 0.558456 0.040516 0.094222
0 0.223859 0.369538 0.015844 0.026781
0 0.244375 0.355475 0.025719 0.051953
2 0.283742 0.547625 0.110047 0.100000
1 0.807867 0.524090 0.093234 0.049921
1 0.865117 0.558113 0.045234 0.125778
0 0.021563 0.397032 0.022031 0.063984