0 0.009227 0.445515 0.018422 0.135246
0 0.075656 0.480550 0.027125 0.117447
0 0.527438 0.257564 0.141813 0.315363
0 0.561758 0.245925 0.049234 0.224356
0 0.639766 0.698197 0.108937 0.409133
0 0.588820 0.250679 0.058359 0.317283
0 0.772898 0.528782 0.035609 0.137939
0 0.821141 0.474110 0.050344 0.216136
0 0.660242 0.252307 0.087234 0.304005
4 0.300625 0.195433 0.040438 0.069087
4 0.328305 0.189052 0.032922 0.063068
0 0.626492 0.248806 0.082672 0.316862
0 0.850367 0.497096 0.060516 0.258126
0 0.902211 0.479286 0.047297 0.242365
1 0.304453 0.449508 0.041406 0.086183
0 0.984469 0.523033 0.031062 0.293279
0 0.599219 0.272834 0.067187 0.213115