0 0.227703 0.521171 0.014563 0.059016
0 0.196266 0.537096 0.017688 0.056300
0 0.349555 0.499110 0.018203 0.059859
0 0.447406 0.535269 0.011625 0.020000
0 0.608070 0.504895 0.005391 0.014473
0 0.593102 0.504403 0.005547 0.016487
0 0.371953 0.513712 0.018656 0.077494
0 0.465367 0.543115 0.010078 0.019766
2 0.736016 0.928279 0.076375 0.143443
0 0.314188 0.532482 0.019031 0.028525
0 0.256648 0.522400 0.017578 0.018852
0 0.784625 0.720398 0.083625 0.559204
0 0.211570 0.504719 0.009141 0.023349
0 0.282875 0.524227 0.034000 0.039602
0 0.405469 0.524590 0.564063 0.060890