6 0.946648 0.617283 0.068578 0.108610
0 0.067281 0.410112 0.134563 0.440620
0 0.460789 0.317122 0.108297 0.495881
0 0.164633 0.348685 0.049828 0.161191
0 0.864258 0.258015 0.033578 0.072357
0 0.804680 0.262556 0.012422 0.032457
0 0.413898 0.271675 0.037734 0.072779
0 0.233562 0.331402 0.035656 0.082159
0 0.952484 0.265385 0.029531 0.069628
0 0.056602 0.866290 0.113203 0.267419
0 0.872109 0.849156 0.253906 0.301538
0 0.562617 0.374218 0.172859 0.394243
6 0.889680 0.599032 0.077547 0.126303
6 0.821562 0.595087 0.092656 0.137320
4 0.190078 0.393486 0.010250 0.058139