4 0.636234 0.389771 0.032031 0.150792
4 0.292336 0.226125 0.148734 0.284833
4 0.266945 0.126042 0.105516 0.189083
4 0.689891 0.064615 0.089063 0.128438
4 0.278617 0.082875 0.042578 0.161333
4 0.247883 0.077854 0.068953 0.141250
0 0.781070 0.268458 0.294828 0.449250
5 0.875844 0.491010 0.248312 0.159562
5 0.220406 0.709187 0.304375 0.202917
4 0.892094 0.048104 0.066969 0.096208
4 0.466008 0.404500 0.207297 0.202250
4 0.978758 0.065365 0.042484 0.130729
4 0.641758 0.063125 0.096453 0.126250
0 0.184555 0.350490 0.369109 0.630812