1 0.645969 0.472042 0.340313 0.273125
1 0.679375 0.325000 0.127812 0.040375
1 0.772508 0.349615 0.071141 0.036771
1 0.500047 0.342281 0.139813 0.077479
0 0.407867 0.647187 0.165172 0.692125
0 0.872000 0.460094 0.123438 0.362438
0 0.574398 0.324490 0.015672 0.049771
0 0.560258 0.322552 0.015359 0.036271
0 0.546234 0.319698 0.014000 0.029396
0 0.519086 0.305594 0.016203 0.020771
0 0.047008 0.559073 0.094016 0.258229
0 0.484258 0.360469 0.037359 0.142438
2 0.663234 0.934833 0.182875 0.130333
0 0.443750 0.298958 0.012531 0.010375
0 0.090977 0.514740 0.181016 0.502521
2 0.508805 0.869208 0.134953 0.261583
2 0.203187 0.904438 0.280531 0.191125
2 0.210391 0.851948 0.159750 0.083104