0 0.305586 0.515500 0.313203 0.546292
0 0.163961 0.503740 0.324547 0.973104
0 0.627938 0.557969 0.143375 0.267646
6 0.502930 0.819927 0.103328 0.146187
6 0.930734 0.739437 0.060594 0.133375
0 0.839609 0.412354 0.320781 0.469667
3 0.750109 0.664823 0.062219 0.181271
6 0.751305 0.662927 0.064016 0.178271
4 0.579906 0.376802 0.192938 0.024438
4 0.978609 0.404604 0.042781 0.075375
4 0.618211 0.388594 0.115984 0.030604
4 0.634320 0.404146 0.090016 0.022583
4 0.487719 0.402729 0.186125 0.034042
4 0.720898 0.344365 0.146891 0.017437
4 0.487438 0.422552 0.193562 0.026104
4 0.486070 0.437635 0.197453 0.031396
4 0.721625 0.357698 0.146594 0.014354
4 0.718383 0.367052 0.140391 0.012313
4 0.708688 0.377906 0.088063 0.014896
6 0.613641 0.707906 0.050000 0.101271