3 0.250367 0.628646 0.026859 0.091708
4 0.906656 0.712750 0.076687 0.230792
4 0.337438 0.566740 0.014813 0.032229
5 0.599039 0.601042 0.129141 0.116500
0 0.479305 0.691937 0.208266 0.500917
0 0.270891 0.527656 0.129781 0.221938
0 0.058773 0.354250 0.008703 0.029333
0 0.477016 0.396073 0.054312 0.153938
0 0.268016 0.442917 0.141219 0.330625
0 0.861234 0.407875 0.050562 0.267417
0 0.087797 0.425781 0.070187 0.302187
6 0.709641 0.618677 0.029875 0.038146
0 0.231813 0.312292 0.052531 0.068542
0 0.562094 0.444656 0.116156 0.383479
0 0.352398 0.374219 0.035016 0.122562
0 0.381023 0.380937 0.032266 0.127708
0 0.030570 0.430042 0.060422 0.249750
6 0.710484 0.662896 0.027312 0.057458
4 0.307031 0.785000 0.106906 0.105667
4 0.417992 0.832479 0.117266 0.197583
0 0.163844 0.431396 0.114781 0.359333
3 0.119375 0.559823 0.019187 0.053646
0 0.318750 0.367708 0.634375 0.139583