3 0.324414 0.588481 0.480266 0.343084
3 0.296594 0.306028 0.043312 0.169626
4 0.204828 0.403937 0.094844 0.154977
4 0.026781 0.494860 0.036562 0.110888
0 0.891484 0.617640 0.217031 0.764720
0 0.786047 0.475853 0.266500 0.667266
0 0.499727 0.319030 0.212891 0.346379
0 0.123523 0.355876 0.174672 0.315304
0 0.037570 0.261799 0.075141 0.258411
0 0.108352 0.164217 0.066547 0.114836
0 0.379250 0.216227 0.113031 0.252033
0 0.193125 0.311530 0.125469 0.297173
0 0.314844 0.119848 0.045906 0.106005
4 0.612398 0.456694 0.036953 0.149042
4 0.022828 0.407290 0.044562 0.052290
0 0.411836 0.166460 0.083391 0.156379
3 0.210977 0.205935 0.015141 0.075280
3 0.294070 0.210607 0.015516 0.080093
3 0.280273 0.198645 0.014797 0.061215
3 0.229656 0.205269 0.018438 0.075537
3 0.009164 0.533797 0.018328 0.075210
6 0.436688 0.606682 0.068187 0.172710
6 0.338406 0.897664 0.060344 0.170841
6 0.334781 0.487465 0.032781 0.096799
6 0.180875 0.503925 0.027500 0.095187
0 0.223891 0.156308 0.088344 0.110701
4 0.418227 0.312477 0.035047 0.099439
0 0.326547 0.296565 0.198219 0.309579