0 0.664742 0.590802 0.431891 0.795970
0 0.154125 0.840438 0.086219 0.185616
0 0.376000 0.766521 0.025469 0.073787
0 0.466219 0.750550 0.052031 0.150877
0 0.937258 0.638396 0.051641 0.110187
0 0.855922 0.622938 0.018031 0.039832
0 0.833094 0.627229 0.014063 0.040728
0 0.793328 0.668358 0.026031 0.045560
2 0.074359 0.850718 0.045937 0.035578
0 0.330430 0.777929 0.028109 0.055933
0 0.430109 0.757882 0.022312 0.066623
0 0.319992 0.755476 0.014516 0.022519
0 0.386813 0.731110 0.020969 0.035541
0 0.302367 0.793778 0.025484 0.052705
0 0.344531 0.791045 0.589063 0.156716