3 0.482859 0.407752 0.024781 0.150398
0 0.763188 0.346674 0.195000 0.291101
0 0.301992 0.282564 0.134047 0.244614
0 0.135688 0.381639 0.127438 0.305621
0 0.216117 0.676628 0.314766 0.604965
0 0.869125 0.269368 0.112500 0.263232
0 0.461953 0.280913 0.124687 0.243279
0 0.957414 0.496920 0.085172 0.404941
0 0.210305 0.109941 0.052859 0.078244
0 0.086008 0.500504 0.133797 0.375199
4 0.149383 0.258244 0.061859 0.155269
4 0.556984 0.905621 0.259375 0.166276
4 0.072797 0.242681 0.051562 0.119836
0 0.978273 0.190304 0.039578 0.223888
0 0.834977 0.129520 0.038203 0.082646
4 0.686859 0.321054 0.058719 0.095176
4 0.921063 0.854543 0.143844 0.249368
4 0.113828 0.839578 0.165750 0.320843
4 0.841984 0.340386 0.051250 0.114122
4 0.403914 0.325644 0.017641 0.084403
4 0.042906 0.721440 0.072250 0.402600
4 0.458586 0.164379 0.047422 0.104309
0 0.825680 0.692740 0.331766 0.614520
0 0.621125 0.307400 0.131250 0.227260
4 0.339898 0.192447 0.024953 0.115152
4 0.901602 0.331698 0.072703 0.120211
0 0.466406 0.516393 0.926562 0.962529