1 0.907450 0.687100 0.185100 0.243867
1 0.852420 0.526677 0.095440 0.100906
1 0.362710 0.557190 0.091380 0.099819
1 0.648290 0.484335 0.055700 0.057613
0 0.214590 0.854924 0.080380 0.290151
0 0.385300 0.831601 0.116040 0.305619
0 0.428770 0.535317 0.037020 0.087915
0 0.128430 0.688353 0.071780 0.257190
0 0.314160 0.660196 0.045360 0.204018
0 0.481270 0.533369 0.029460 0.108912
0 0.541180 0.558640 0.037640 0.152266
2 0.916130 0.482810 0.076420 0.166224
2 0.972480 0.483127 0.040040 0.134169
2 0.363610 0.604381 0.066900 0.084471
2 0.474320 0.612024 0.088440 0.059396
2 0.683180 0.556329 0.017560 0.087946
2 0.616300 0.537900 0.035800 0.078218
2 0.395840 0.483595 0.012160 0.034320
2 0.879790 0.438399 0.038940 0.064350
2 0.779400 0.517432 0.031000 0.055227
2 0.731230 0.536737 0.025140 0.057946
1 0.886590 0.584486 0.051500 0.063535
0 0.678570 0.521782 0.039980 0.102115
0 0.505540 0.521103 0.029880 0.093323
0 0.427910 0.600876 0.047780 0.069909
2 0.538630 0.584909 0.053980 0.084139
2 0.664080 0.533746 0.012640 0.041692
0 0.463080 0.533550 0.012640 0.059909
2 0.577140 0.577341 0.038600 0.053474
0 0.541910 0.461390 0.020380 0.054381
2 0.412000 0.575529 0.260000 0.341390
0 0.544000 0.513595 0.500000 0.247734