0 0.575562 0.674031 0.200563 0.651938
0 0.256516 0.509333 0.078156 0.143125
0 0.870375 0.494125 0.032375 0.133875
0 0.927828 0.491417 0.032500 0.136792
0 0.038937 0.715771 0.077875 0.076083
0 0.960492 0.487521 0.034828 0.137167
0 0.989977 0.531198 0.019984 0.203396
0 0.888453 0.493844 0.021344 0.131271
0 0.843539 0.458698 0.024016 0.082021
0 0.471328 0.429302 0.013625 0.015104
0 0.373641 0.597969 0.058906 0.086271
1 0.412078 0.707865 0.820781 0.404479
1 0.757102 0.536365 0.224828 0.209396
1 0.044914 0.465729 0.042859 0.043583
1 0.222258 0.452375 0.065828 0.054792
1 0.243078 0.459323 0.041844 0.052854
1 0.138422 0.459271 0.047500 0.040458
1 0.280250 0.432312 0.014656 0.007083
1 0.103820 0.459906 0.033797 0.036729
1 0.422922 0.476458 0.041594 0.057042
1 0.066148 0.464542 0.014891 0.040417
0 0.978258 0.548604 0.043484 0.047833