4 0.659047 0.630129 0.167813 0.155506
4 0.237063 0.639788 0.171375 0.277412
4 0.171391 0.720847 0.205094 0.224612
3 0.286555 0.491929 0.022703 0.160047
3 0.524641 0.713600 0.033187 0.177459
3 0.601945 0.371141 0.010078 0.050847
3 0.612469 0.368176 0.011750 0.045482
3 0.655586 0.386647 0.011516 0.056118
3 0.569195 0.386729 0.013422 0.071906
3 0.225555 0.500306 0.020891 0.049459
3 0.547195 0.383694 0.010516 0.070871
6 0.568672 0.402353 0.017000 0.035153
3 0.593898 0.373494 0.007109 0.039694
3 0.485742 0.682129 0.032359 0.134847
3 0.533203 0.376600 0.011906 0.088776
6 0.644680 0.402353 0.006797 0.025082
4 0.932078 0.877176 0.093625 0.245647
6 0.594617 0.406294 0.012266 0.012306
6 0.207734 0.529800 0.026969 0.036118