2 0.687875 0.456834 0.049594 0.111238
2 0.577992 0.504416 0.044734 0.055607
1 0.288234 0.487371 0.216156 0.372126
0 0.360109 0.307652 0.071969 0.077266
0 0.042125 0.436612 0.048188 0.207570
0 0.083312 0.350397 0.019156 0.130607
0 0.069266 0.289685 0.016281 0.055818
0 0.629727 0.484276 0.073391 0.128224
0 0.721992 0.431998 0.048234 0.145350
0 0.632289 0.393329 0.038984 0.152687
0 0.599508 0.316682 0.023578 0.093879
0 0.012023 0.432582 0.024047 0.208995
0 0.457391 0.315397 0.148969 0.217523
0 0.274141 0.324428 0.050656 0.052360
0 0.680695 0.462687 0.040203 0.128364
0 0.530219 0.299299 0.034656 0.049766
0 0.563281 0.349299 0.048438 0.081776