2 0.559195 0.904042 0.216234 0.171308
2 0.076945 0.951075 0.151016 0.073131
1 0.806938 0.658820 0.385219 0.286939
1 0.153703 0.561577 0.090000 0.121285
0 0.544961 0.718575 0.317016 0.539159
0 0.217047 0.470456 0.078656 0.280771
0 0.451922 0.394673 0.082812 0.216168
0 0.372594 0.435876 0.100687 0.337079
0 0.552516 0.523960 0.155688 0.213248
0 0.323320 0.351367 0.034922 0.091799
1 0.027336 0.580806 0.054672 0.172827
0 0.109594 0.731554 0.219188 0.536893
1 0.118797 0.516881 0.042125 0.049696
1 0.973898 0.750222 0.052203 0.167407
0 0.290531 0.459147 0.076313 0.288668