3 0.745930 0.828635 0.043922 0.225604
3 0.512258 0.721813 0.052484 0.188792
3 0.869805 0.398927 0.032984 0.151813
3 0.143641 0.907458 0.042594 0.185083
3 0.048383 0.812792 0.040391 0.052292
3 0.645164 0.559146 0.048391 0.206458
3 0.008547 0.237198 0.011062 0.085604
3 0.226695 0.294083 0.034734 0.124917
0 0.376758 0.486177 0.346016 0.690854
0 0.716289 0.484271 0.316859 0.671917
0 0.893258 0.420219 0.212359 0.782021
0 0.190883 0.409906 0.138516 0.682438
0 0.532242 0.476708 0.154234 0.682333
0 0.090688 0.896396 0.181375 0.187417
0 0.047086 0.498135 0.094172 0.432729
0 0.144805 0.435646 0.285891 0.646042