3 0.710109 0.672096 0.048125 0.178197
3 0.452250 0.883571 0.045125 0.073747
3 0.664617 0.501464 0.017766 0.044239
3 0.647016 0.471077 0.017938 0.083185
3 0.528961 0.412295 0.020516 0.084871
3 0.517031 0.414742 0.013813 0.073934
3 0.375766 0.370843 0.019250 0.102014
3 0.355141 0.387447 0.012406 0.065995
3 0.259156 0.368595 0.019094 0.078314
3 0.630781 0.437073 0.019250 0.086511
0 0.136742 0.509005 0.249453 0.795059
0 0.308859 0.280515 0.122938 0.197752
0 0.870930 0.383876 0.210453 0.391499
0 0.462477 0.253630 0.041391 0.082857
0 0.535750 0.325527 0.128562 0.198689
0 0.656625 0.165691 0.030937 0.075035
0 0.663750 0.337482 0.132562 0.254122
0 0.795781 0.376557 0.112969 0.278314
0 0.568234 0.262927 0.053969 0.193255
0 0.830594 0.738197 0.338812 0.523607
0 0.978383 0.414438 0.043234 0.292763
0 0.435398 0.325293 0.110641 0.228525
3 0.479594 0.930597 0.045531 0.124707
6 0.272516 0.366674 0.015875 0.048431
6 0.757023 0.537986 0.021516 0.043466
6 0.571930 0.464450 0.029016 0.037471
6 0.230320 0.356066 0.014609 0.047447
6 0.648258 0.462810 0.020359 0.070867
6 0.342039 0.371077 0.021266 0.042576
0 0.625734 0.163630 0.029437 0.037049
6 0.376383 0.399204 0.017203 0.044169