1 0.790039 0.252318 0.285391 0.273326
1 0.055430 0.203638 0.075172 0.130353
1 0.162508 0.188181 0.039672 0.053659
0 0.575531 0.467037 0.279594 0.845717
0 0.186195 0.539418 0.352078 0.891892
0 0.979102 0.227620 0.041797 0.176029
0 0.949680 0.176757 0.026672 0.077422
0 0.505977 0.203534 0.016484 0.096383
0 0.475273 0.202651 0.019516 0.095364
0 0.873680 0.160811 0.030984 0.085489
0 0.833273 0.136476 0.015047 0.024345
0 0.913422 0.193399 0.054594 0.119023
0 0.890969 0.151705 0.019437 0.063160
0 0.805508 0.183482 0.049859 0.044345
0 0.531180 0.177911 0.017859 0.036071
1 0.547211 0.214605 0.087766 0.117609
1 0.010805 0.193202 0.020797 0.068981
1 0.301172 0.181060 0.049719 0.020499
0 0.459828 0.201143 0.020656 0.117131
0 0.532031 0.178794 0.932813 0.141372