2 0.683656 0.849942 0.127750 0.141005
2 0.614703 0.863773 0.054688 0.095397
1 0.860023 0.718692 0.063734 0.039159
1 0.726297 0.745187 0.044688 0.049720
0 0.409883 0.826881 0.031641 0.135491
0 0.217063 0.808236 0.021438 0.067173
0 0.315094 0.799264 0.022000 0.067126
0 0.703055 0.762103 0.020516 0.066822
0 0.672328 0.742769 0.014375 0.051005
0 0.131625 0.870514 0.052812 0.158551
0 0.379312 0.773762 0.013813 0.044860
0 0.621055 0.752220 0.014297 0.051075
1 0.200914 0.784171 0.026734 0.041145
0 0.683469 0.742570 0.009969 0.043598
1 0.557227 0.757967 0.062109 0.043505