2 0.483905 0.748105 0.169542 0.186699
1 0.687843 0.403227 0.163170 0.151814
1 0.495621 0.374935 0.155294 0.106634
1 0.105376 0.659134 0.202157 0.634412
1 0.903546 0.322435 0.082582 0.047908
0 0.265106 0.664649 0.351225 0.648775
0 0.772590 0.495711 0.108154 0.325376
0 0.977982 0.397279 0.044036 0.136683
0 0.391658 0.361225 0.025539 0.075784
0 0.369779 0.352900 0.028154 0.078938
0 0.142525 0.354297 0.051716 0.076438
0 0.093668 0.342737 0.036160 0.033186
0 0.928284 0.417369 0.044542 0.133007
0 0.421675 0.379412 0.033252 0.092680
0 0.866062 0.509289 0.086634 0.318840
2 0.479060 0.586185 0.089395 0.134101
0 0.068301 0.336806 0.037582 0.036683
1 0.835923 0.363480 0.027631 0.030098