3 0.377375 0.705948 0.026438 0.108729
3 0.414258 0.700708 0.026703 0.121792
3 0.503242 0.706938 0.024078 0.127208
3 0.530680 0.237635 0.020391 0.075604
3 0.557570 0.247917 0.012641 0.054292
4 0.906180 0.906750 0.187641 0.164042
6 0.101648 0.219729 0.047203 0.068750
6 0.155039 0.217125 0.044234 0.083333
6 0.198844 0.228042 0.048281 0.063750
6 0.244922 0.231344 0.043125 0.056813
6 0.300320 0.237177 0.050922 0.054604
6 0.352750 0.232771 0.048594 0.062000
3 0.569344 0.247354 0.009531 0.058667
6 0.211703 0.377417 0.042531 0.061208
6 0.260500 0.378469 0.043125 0.060312
6 0.301609 0.377802 0.040594 0.057521
6 0.342797 0.380094 0.038594 0.058937
6 0.167805 0.377865 0.039453 0.057521
3 0.333328 0.732437 0.032875 0.073708
3 0.546992 0.252177 0.010359 0.050146
6 0.105984 0.377146 0.046125 0.064458
6 0.427320 0.384115 0.035922 0.053729