2 0.922445 0.571181 0.154359 0.312806
1 0.214328 0.448125 0.218000 0.227472
1 0.846719 0.366694 0.080906 0.095889
1 0.958578 0.341347 0.041344 0.062861
0 0.386719 0.590528 0.223062 0.790944
0 0.739922 0.586236 0.164750 0.827528
0 0.614430 0.600278 0.143797 0.747667
0 0.924430 0.392736 0.055453 0.145472
0 0.841000 0.395792 0.057906 0.150972
1 0.901945 0.341653 0.039641 0.046194
2 0.968320 0.444889 0.061984 0.077611
1 0.537766 0.394986 0.127312 0.154361
1 0.676719 0.360417 0.032813 0.086778
0 0.809289 0.738069 0.083641 0.523861