2 0.673422 0.450515 0.010594 0.048993
1 0.307828 0.518208 0.244250 0.232576
1 0.324281 0.442260 0.333594 0.182740
0 0.665234 0.414684 0.029625 0.107026
0 0.549063 0.419859 0.023375 0.110632
0 0.083961 0.708981 0.164922 0.559555
0 0.577984 0.501124 0.070469 0.314614
0 0.492875 0.488080 0.052406 0.153583
0 0.102086 0.390808 0.018453 0.018337
1 0.354258 0.383349 0.040641 0.023185
1 0.109742 0.456101 0.168422 0.137354
1 0.497742 0.379262 0.011641 0.012998
1 0.366242 0.397553 0.048828 0.018525
0 0.606359 0.385351 0.011219 0.042037
0 0.615859 0.383981 0.011750 0.049227
0 0.285625 0.397307 0.009094 0.023138