3 0.809766 0.723288 0.023688 0.089916
3 0.867313 0.778246 0.014844 0.111023
3 0.854898 0.777035 0.018203 0.075031
3 0.824883 0.739708 0.018891 0.091649
3 0.859359 0.904248 0.017781 0.095720
3 0.842930 0.907088 0.013047 0.042610
0 0.239133 0.568382 0.431266 0.831837
0 0.679531 0.659760 0.135063 0.570459
6 0.158273 0.552265 0.017922 0.014885
3 0.844914 0.754572 0.023078 0.098372
6 0.181508 0.495658 0.013984 0.013695
6 0.917812 0.640063 0.021219 0.024050
6 0.880062 0.625866 0.013250 0.014906
6 0.213891 0.495449 0.013781 0.010731
6 0.063547 0.460689 0.020250 0.016326
6 0.191789 0.496848 0.011641 0.014071
6 0.085828 0.462338 0.015813 0.015449