6 0.581961 0.609496 0.039578 0.104192
6 0.371477 0.869965 0.063422 0.188501
6 0.660453 0.893396 0.067312 0.190585
6 0.502180 0.614356 0.038422 0.080094
6 0.354547 0.786429 0.055313 0.110562
0 0.246633 0.711241 0.217391 0.573021
0 0.346344 0.544567 0.128937 0.379766
0 0.399984 0.457822 0.072031 0.274941
0 0.967781 0.513478 0.064438 0.550562
0 0.770453 0.331124 0.189250 0.383466
0 0.787133 0.616850 0.149922 0.564052
0 0.656125 0.298642 0.041625 0.086651
0 0.681281 0.502201 0.153562 0.426370
0 0.659406 0.404450 0.054969 0.220000
0 0.428023 0.380363 0.084797 0.230422
4 0.857437 0.822658 0.185969 0.354684
4 0.963281 0.900000 0.073438 0.195504
4 0.030734 0.924895 0.061469 0.149883
4 0.115453 0.848150 0.097875 0.303700
4 0.074383 0.731979 0.139734 0.304052
0 0.488406 0.333595 0.082063 0.162834
0 0.687055 0.281347 0.042078 0.043536
6 0.454039 0.911698 0.090109 0.145457
6 0.259078 0.371733 0.014281 0.042436
6 0.610297 0.442026 0.020156 0.037073
6 0.574531 0.451054 0.014344 0.032740
6 0.556336 0.452049 0.019766 0.029063
6 0.530961 0.424649 0.021359 0.058150
6 0.139258 0.421194 0.045422 0.077002
0 0.444937 0.344309 0.040313 0.157611
4 0.866656 0.388220 0.028719 0.153302
4 0.839992 0.330679 0.016047 0.068993
4 0.811953 0.307237 0.021531 0.054895
4 0.033781 0.443267 0.029531 0.057822
4 0.187250 0.316721 0.084969 0.154707
4 0.896914 0.633607 0.078453 0.166183
4 0.964297 0.539028 0.040438 0.324286
4 0.907031 0.454333 0.089063 0.276347