2 0.436960 0.935627 0.638960 0.107307
2 0.524470 0.573813 0.288220 0.128320
2 0.506560 0.554307 0.269560 0.066053
0 0.754380 0.341133 0.030360 0.112560
0 0.872430 0.307733 0.012100 0.053547
0 0.901400 0.339560 0.042680 0.101787
0 0.944370 0.371920 0.066300 0.142613
2 0.457770 0.786040 0.567580 0.218480
2 0.398990 0.739133 0.109900 0.056400
2 0.497760 0.621293 0.383400 0.082960
2 0.417120 0.685400 0.329800 0.103813
0 0.787550 0.324947 0.030980 0.087760
0 0.705720 0.322440 0.028760 0.120240
0 0.558300 0.292987 0.017120 0.072107
0 0.803950 0.312093 0.019420 0.062320
0 0.663030 0.303760 0.022540 0.086560
0 0.529470 0.292280 0.019660 0.086640
0 0.971410 0.333733 0.024340 0.058613
2 0.515800 0.696933 0.268840 0.101387
2 0.453350 0.539387 0.157460 0.086027
2 0.529390 0.450333 0.221220 0.125733
2 0.706770 0.845880 0.337060 0.275280
2 0.574280 0.505467 0.121560 0.071627
0 0.766340 0.286187 0.007400 0.026560
2 0.643180 0.348813 0.033120 0.053893
0 0.850360 0.306507 0.017720 0.062453
0 0.678000 0.305333 0.356000 0.152000
2 0.487000 0.610667 0.506000 0.613333