2 0.505740 0.384667 0.165360 0.130141
1 0.784720 0.348737 0.426120 0.252909
0 0.045510 0.317263 0.035460 0.104990
0 0.143890 0.300222 0.024300 0.077010
0 0.813300 0.429566 0.167320 0.403253
0 0.161200 0.312505 0.038320 0.114141
0 0.086350 0.311475 0.044180 0.105778
0 0.220330 0.321253 0.045380 0.101091
0 0.123840 0.317747 0.039560 0.101758
0 0.191140 0.319960 0.024280 0.089697
0 0.070000 0.309556 0.022520 0.082303
1 0.472980 0.288111 0.081200 0.028424
1 0.425470 0.288636 0.023540 0.029313
1 0.411930 0.285949 0.033020 0.024788
0 0.535460 0.336939 0.101560 0.223455
0 0.104890 0.284707 0.014140 0.048364
1 0.713750 0.306919 0.127940 0.056949
1 0.630370 0.303768 0.104780 0.054444
1 0.386330 0.281576 0.020780 0.015192
1 0.397140 0.283354 0.019480 0.021172
1 0.301930 0.291455 0.031820 0.028283
1 0.321010 0.283424 0.012300 0.009636