2 0.961810 0.937838 0.071780 0.085465
2 0.692250 0.901096 0.023620 0.044895
0 0.678710 0.885691 0.022380 0.082012
0 0.333640 0.877162 0.018680 0.057568
0 0.271060 0.904009 0.021200 0.080931
0 0.227000 0.858108 0.008200 0.035015
0 0.662800 0.884565 0.013440 0.080661
0 0.254460 0.890766 0.017720 0.079129
0 0.289440 0.899204 0.020920 0.094264
0 0.909340 0.900631 0.036400 0.116937
0 0.944200 0.881171 0.021520 0.064324
1 0.929670 0.892913 0.012740 0.055255
2 0.626900 0.895495 0.044680 0.053874
2 0.239970 0.915826 0.021620 0.045165
1 0.849870 0.886832 0.134380 0.120871
1 0.974220 0.888904 0.051320 0.056066
0 0.308050 0.887628 0.014100 0.045586
0 0.201490 0.894039 0.014100 0.091862
2 0.769950 0.897553 0.031340 0.047898
0 0.928130 0.859249 0.011900 0.020420