6 0.670219 0.431206 0.051844 0.146112
6 0.579984 0.458864 0.052312 0.132061
6 0.835758 0.645234 0.070141 0.165176
0 0.321820 0.599379 0.402297 0.801241
0 0.201953 0.500000 0.403906 1.000000
0 0.450539 0.390632 0.247391 0.773021
0 0.047406 0.870375 0.092406 0.213208
0 0.512758 0.320972 0.185922 0.620211
0 0.845891 0.403396 0.100969 0.125480
0 0.933313 0.352436 0.130438 0.256159
0 0.850398 0.184356 0.299203 0.368665
0 0.667188 0.223595 0.188906 0.447190
6 0.867773 0.478115 0.055891 0.127283
0 0.978953 0.066733 0.042094 0.132342
0 0.549492 0.021347 0.070453 0.042693
0 0.728547 0.182225 0.106062 0.361405