1 0.302700 0.486687 0.083240 0.073036
1 0.387260 0.473771 0.121560 0.091542
1 0.479100 0.472952 0.105960 0.086289
1 0.576280 0.477434 0.081480 0.072651
1 0.747740 0.469988 0.091160 0.050241
1 0.679910 0.433771 0.033940 0.013422
1 0.737890 0.414373 0.028260 0.028458
0 0.580360 0.480663 0.046040 0.123494
0 0.627700 0.476157 0.038160 0.137422
1 0.749320 0.439241 0.077000 0.028169
0 0.214560 0.487265 0.028360 0.086000
0 0.181470 0.485145 0.028140 0.088361
1 0.683630 0.464313 0.038860 0.048145
0 0.805000 0.461096 0.019320 0.047301