4 0.580383 0.830105 0.262578 0.339789
0 0.213648 0.558864 0.358328 0.503349
0 0.288172 0.543314 0.097156 0.231733
0 0.858414 0.642424 0.183641 0.414122
0 0.554484 0.551803 0.171313 0.211710
4 0.052992 0.717225 0.102984 0.203583
4 0.261625 0.904496 0.469281 0.191007
4 0.895812 0.914602 0.208375 0.148314
6 0.728484 0.710878 0.043469 0.086862
5 0.422180 0.646300 0.143391 0.157752
5 0.707008 0.655398 0.160797 0.141897
5 0.777516 0.672869 0.044438 0.129485
5 0.455641 0.567553 0.068250 0.028220
0 0.961797 0.618033 0.065750 0.098548
4 0.966344 0.741206 0.067312 0.200867
5 0.575594 0.613244 0.093344 0.120820