2 0.500789 0.717914 0.027078 0.079141
2 0.510320 0.720123 0.022203 0.072147
0 0.088883 0.749816 0.028266 0.134233
0 0.060445 0.774003 0.016266 0.063834
0 0.032000 0.780752 0.012781 0.036043
0 0.242555 0.722638 0.031047 0.081104
0 0.293055 0.729785 0.010078 0.053926
0 0.337414 0.707239 0.027578 0.098098
0 0.434937 0.662331 0.019000 0.089448
0 0.576102 0.691871 0.013672 0.058773
0 0.007758 0.763144 0.015516 0.074325
0 0.145898 0.639448 0.012859 0.067055
0 0.368211 0.734018 0.017203 0.076319
0 0.637633 0.672715 0.019359 0.083344
0 0.192242 0.743727 0.016203 0.070767
0 0.463281 0.690184 0.679688 0.177914