4 0.759770 0.493560 0.040580 0.221307
4 0.895790 0.951693 0.203940 0.074160
4 0.781660 0.492160 0.038800 0.250133
0 0.138420 0.520560 0.276840 0.619680
0 0.821620 0.559040 0.356760 0.881920
0 0.419760 0.322827 0.154560 0.183840
0 0.649720 0.377160 0.234280 0.377520
6 0.624070 0.476040 0.072460 0.130533
6 0.384190 0.571187 0.091260 0.116347
5 0.641210 0.570760 0.275340 0.224613
4 0.182380 0.448293 0.062120 0.105173
5 0.339600 0.511240 0.176960 0.159547
5 0.373870 0.396533 0.105460 0.143573
5 0.455080 0.374440 0.103920 0.103920
5 0.412210 0.437293 0.038500 0.092987
5 0.540500 0.389920 0.102000 0.125120
4 0.112990 0.858440 0.218180 0.283120