2 0.730953 0.620736 0.035063 0.047360
2 0.517727 0.545911 0.017641 0.034252
0 0.753883 0.623411 0.063859 0.315140
0 0.253227 0.632582 0.055609 0.343808
0 0.826555 0.569930 0.082953 0.231215
0 0.884797 0.531554 0.022531 0.119883
0 0.126516 0.594591 0.120500 0.790537
0 0.415898 0.583458 0.056203 0.252757
0 0.381773 0.506752 0.030266 0.117664
0 0.960617 0.526600 0.030703 0.150304
0 0.280305 0.493294 0.014859 0.069860
0 0.192180 0.502266 0.027766 0.096168
0 0.503867 0.607640 0.070641 0.296028
0 0.845320 0.592185 0.027578 0.172033
0 0.219211 0.493178 0.018422 0.074299
0 0.499219 0.565421 0.998437 0.299065