2 0.696820 0.711102 0.057578 0.115958
1 0.067930 0.703320 0.119109 0.109318
1 0.919414 0.596024 0.029109 0.050000
1 0.952195 0.590328 0.018078 0.047270
0 0.392328 0.646798 0.017438 0.043045
0 0.461781 0.661234 0.021719 0.095538
0 0.590750 0.631365 0.044250 0.100000
0 0.678273 0.620971 0.014953 0.061312
0 0.244352 0.655735 0.019797 0.043333
0 0.221930 0.703360 0.032172 0.125879
0 0.201773 0.680696 0.021297 0.082073
0 0.940297 0.592822 0.013062 0.050787
0 0.622648 0.613202 0.018984 0.042415
0 0.490609 0.632559 0.021000 0.052100
0 0.507883 0.635525 0.025172 0.058084
0 0.702836 0.667493 0.053672 0.195879
0 0.444344 0.683255 0.031438 0.133176
1 0.905461 0.601982 0.022203 0.059554
1 0.989312 0.581129 0.014500 0.040577
0 0.566406 0.677165 0.660937 0.283465