1 0.286708 0.148086 0.130250 0.054953
1 0.631177 0.151266 0.143562 0.061281
1 0.723000 0.154344 0.093417 0.044000
1 0.778781 0.144398 0.095229 0.047922
1 0.876073 0.148648 0.079396 0.037922
1 0.046406 0.139875 0.090354 0.056781
0 0.857625 0.142766 0.022583 0.051875
1 0.885677 0.118750 0.025396 0.012906
1 0.830135 0.118078 0.032604 0.016750
1 0.806490 0.112937 0.022229 0.014781
1 0.164750 0.163656 0.227792 0.076313
1 0.399104 0.156633 0.095500 0.031078
1 0.985594 0.119328 0.014187 0.016313
1 0.585656 0.116328 0.038771 0.016406