4 0.097156 0.312302 0.063281 0.068062
4 0.675883 0.376990 0.090484 0.115354
0 0.735680 0.270792 0.136516 0.159542
0 0.374977 0.252719 0.014578 0.029687
6 0.763391 0.436323 0.065344 0.129604
5 0.386742 0.503573 0.437922 0.438479
5 0.831742 0.382021 0.257859 0.242708
0 0.774242 0.139333 0.095734 0.148792
0 0.947797 0.457479 0.104406 0.075458
0 0.579305 0.246510 0.077734 0.090688
0 0.442750 0.231313 0.029250 0.066958
0 0.487305 0.250250 0.013453 0.019417
4 0.124633 0.274552 0.060203 0.008521
4 0.013867 0.319323 0.027734 0.043896
5 0.578727 0.276354 0.036234 0.040375
4 0.143766 0.318344 0.031406 0.067521
4 0.318391 0.274750 0.062750 0.020667