3 0.616258 0.089917 0.054891 0.144269
3 0.305539 0.080825 0.060797 0.155613
3 0.148742 0.069823 0.044203 0.137571
3 0.765156 0.078125 0.050031 0.138042
3 0.687648 0.093986 0.049578 0.159434
3 0.843844 0.090259 0.047938 0.155896
3 0.923789 0.099906 0.051328 0.147358
3 0.741625 0.079587 0.047188 0.158278
3 0.902312 0.080248 0.046250 0.160118
3 0.232305 0.074021 0.058516 0.148042
3 0.444766 0.071781 0.069094 0.139410
3 0.533148 0.080436 0.058984 0.160873
3 0.071867 0.078031 0.059984 0.156061
3 0.491406 0.075472 0.270313 0.150943