2 0.821133 0.895094 0.204359 0.209813
0 0.678430 0.814602 0.121453 0.348314
0 0.411484 0.803501 0.160781 0.373888
0 0.245141 0.817974 0.070469 0.337073
0 0.088398 0.818759 0.095828 0.326511
0 0.536945 0.816417 0.048672 0.367166
0 0.487219 0.793138 0.080344 0.413724
0 0.319055 0.820492 0.054422 0.290164
0 0.839242 0.834461 0.118703 0.306300
0 0.138164 0.763911 0.080109 0.212506
0 0.175422 0.773033 0.074969 0.220211
0 0.025477 0.743349 0.028328 0.109415
0 0.892000 0.720679 0.019500 0.100281
0 0.378867 0.694813 0.048891 0.085269
0 0.316406 0.812646 0.632812 0.370023