2 0.553750 0.816232 0.196250 0.299821
2 0.442922 0.740768 0.134125 0.224750
2 0.311891 0.827964 0.132656 0.197857
2 0.240180 0.708375 0.039266 0.158821
0 0.551578 0.681964 0.100344 0.315000
0 0.439617 0.682911 0.056453 0.290036
0 0.307234 0.695500 0.059969 0.325857
0 0.245203 0.629393 0.049188 0.230000
0 0.131984 0.645750 0.056188 0.199429
0 0.091172 0.624786 0.040406 0.189929
0 0.171102 0.577446 0.027453 0.061107
0 0.704812 0.580661 0.039625 0.121750
0 0.842266 0.584607 0.040969 0.196714
0 0.881766 0.525000 0.014688 0.086714
2 0.845695 0.649268 0.017078 0.101036
2 0.173086 0.629411 0.027078 0.076107
2 0.087188 0.668696 0.043031 0.140321
2 0.335531 0.718286 0.063594 0.147857
0 0.352641 0.577036 0.008781 0.052500