3 0.807180 0.469519 0.014359 0.071291
3 0.821945 0.467594 0.014484 0.074531
3 0.854211 0.468756 0.014328 0.067183
3 0.886930 0.629061 0.015641 0.049718
3 0.902695 0.627617 0.015391 0.051526
3 0.917969 0.626667 0.016438 0.050986
3 0.884258 0.475317 0.015203 0.059413
3 0.844180 0.546385 0.017141 0.049343
3 0.915805 0.552746 0.015422 0.046808
3 0.836883 0.468674 0.017141 0.074343
2 0.389375 0.839202 0.121719 0.321596
2 0.521539 0.809413 0.178547 0.357653
2 0.686719 0.817136 0.164062 0.342723
3 0.900859 0.552453 0.015063 0.047254