1 0.365625 0.512815 0.066344 0.064182
1 0.145016 0.467418 0.018031 0.027827
1 0.123383 0.465280 0.009016 0.016589
0 0.605102 0.588598 0.080703 0.314907
0 0.319492 0.568715 0.059516 0.177056
0 0.260313 0.550479 0.034563 0.128481
0 0.214836 0.531332 0.026328 0.088411
0 0.018539 0.531589 0.018984 0.072056
0 0.642109 0.407769 0.037281 0.072687
0 0.169289 0.518493 0.020828 0.084696
0 0.190391 0.524299 0.017156 0.092523
2 0.326523 0.622909 0.040203 0.126238
2 0.265234 0.589696 0.034375 0.091776
2 0.215984 0.551133 0.015031 0.058762
2 0.192797 0.536671 0.015781 0.059556
2 0.169297 0.536367 0.018531 0.049603
2 0.152641 0.511577 0.019125 0.032500
2 0.125969 0.525152 0.015469 0.036098
0 0.236383 0.524533 0.026422 0.095888
0 0.153328 0.492745 0.013375 0.039463
0 0.035953 0.516133 0.013375 0.062266
0 0.091547 0.492850 0.009687 0.038458
2 0.615828 0.700444 0.105438 0.239720
2 0.240211 0.570818 0.021234 0.064206
2 0.091281 0.501530 0.006750 0.015911
2 0.289867 0.495514 0.021453 0.024953
1 0.117703 0.461869 0.006250 0.013785
1 0.179000 0.457804 0.023563 0.014252
2 0.189062 0.508178 0.034375 0.035047