2 0.513383 0.804368 0.047859 0.130937
2 0.461266 0.808478 0.032875 0.064871
2 0.478227 0.803431 0.017328 0.053560
1 0.924625 0.817096 0.150469 0.365808
1 0.606914 0.742998 0.021422 0.024965
1 0.591883 0.724227 0.019297 0.023536
0 0.857000 0.776616 0.037906 0.148689
0 0.912906 0.725059 0.046969 0.115129
1 0.320664 0.767459 0.087391 0.098150
4 0.805023 0.808337 0.024422 0.051897
0 0.676258 0.714555 0.007078 0.031499
0 0.669828 0.766756 0.012906 0.037541
0 0.524711 0.776288 0.072141 0.203068
1 0.053258 0.759450 0.105047 0.207564
1 0.657617 0.718290 0.030984 0.017237
1 0.562172 0.732845 0.008031 0.024379
0 0.165859 0.763513 0.016563 0.092600
0 0.704375 0.783185 0.009500 0.061265