2 0.821328 0.949841 0.043344 0.100318
2 0.910141 0.947347 0.020875 0.105306
1 0.781961 0.407127 0.044797 0.048582
1 0.804602 0.389780 0.037516 0.043814
1 0.818789 0.777298 0.114203 0.170587
1 0.362516 0.966675 0.157906 0.066650
1 0.854703 0.379572 0.038094 0.050244
1 0.681242 0.946186 0.173891 0.105281
1 0.726187 0.914743 0.127125 0.158533
1 0.481617 0.903484 0.162391 0.192689
1 0.685992 0.882298 0.105859 0.029829
0 0.821430 0.915795 0.037797 0.168411
0 0.481805 0.960672 0.050266 0.078655
0 0.977797 0.963093 0.044406 0.071320
0 0.244273 0.520562 0.019547 0.052176
0 0.637312 0.395575 0.010281 0.052225
0 0.646016 0.395868 0.012156 0.051540
0 0.985680 0.880306 0.028641 0.108484
0 0.961656 0.934780 0.018250 0.061443
0 0.978461 0.643374 0.021703 0.069438
0 0.309031 0.722005 0.024406 0.063912
0 0.337445 0.978484 0.044047 0.043032
0 0.064961 0.971002 0.040516 0.057995
0 0.255492 0.500929 0.011828 0.047726
0 0.585938 0.656479 0.809375 0.667482