0 0.288610 0.271110 0.086380 0.218174
0 0.177470 0.249087 0.155540 0.279972
0 0.584530 0.084157 0.145020 0.164663
0 0.576520 0.062935 0.183400 0.123062
0 0.304840 0.105169 0.107480 0.169438
0 0.261650 0.227893 0.093180 0.207135
0 0.913600 0.085393 0.124800 0.170787
0 0.074610 0.045197 0.114300 0.090393
0 0.158470 0.042570 0.096740 0.085140
0 0.982400 0.105618 0.035200 0.211236
6 0.110560 0.096685 0.019520 0.026966
6 0.113520 0.076264 0.026240 0.049888
3 0.141750 0.085604 0.018060 0.070871
0 0.067450 0.103272 0.134220 0.206545
0 0.553550 0.045534 0.093460 0.091067
0 0.691870 0.059775 0.080260 0.119551