2 0.732961 0.601625 0.009266 0.038292
0 0.732539 0.588562 0.015328 0.063875
1 0.527125 0.641490 0.072688 0.069562
1 0.911234 0.775844 0.177531 0.422479
1 0.050344 0.730146 0.100687 0.174083
1 0.751805 0.552135 0.028453 0.029187
1 0.770180 0.534146 0.027141 0.032792
1 0.548414 0.620250 0.061234 0.083667
1 0.730953 0.564437 0.039563 0.031875
0 0.746281 0.679302 0.029500 0.103021
1 0.786148 0.529042 0.022109 0.033167
1 0.870961 0.524417 0.021734 0.017208
1 0.909086 0.524708 0.008047 0.027792
0 0.748016 0.725500 0.032844 0.046208