0 0.538477 0.524719 0.163484 0.271896
0 0.518016 0.285552 0.209844 0.378229
0 0.137891 0.289240 0.275781 0.578479
0 0.391289 0.415833 0.123047 0.372875
0 0.316516 0.496323 0.133969 0.269146
0 0.300844 0.557302 0.257875 0.337062
0 0.385992 0.264823 0.113141 0.213104
0 0.835391 0.494385 0.329219 0.988771
0 0.099727 0.587917 0.199453 0.445542
6 0.223687 0.843750 0.098531 0.162292
0 0.155352 0.572177 0.083297 0.176021
0 0.231820 0.180125 0.129922 0.359542
0 0.951961 0.452156 0.096078 0.208312
6 0.656297 0.341448 0.030281 0.057896