0 0.702820 0.333802 0.103953 0.105312
0 0.505328 0.500000 0.099219 0.372208
0 0.660016 0.278781 0.052656 0.066604
0 0.607406 0.276062 0.055563 0.065583
0 0.545008 0.278385 0.055516 0.079354
0 0.426711 0.278573 0.045484 0.060646
0 0.580602 0.228198 0.047578 0.102271
0 0.638477 0.209021 0.053422 0.064833
0 0.698359 0.215198 0.067125 0.107188
0 0.704797 0.256792 0.063438 0.105042
0 0.770250 0.262813 0.068437 0.107500
4 0.806461 0.143833 0.037828 0.033917
4 0.762070 0.142531 0.043203 0.032521
4 0.709359 0.142385 0.049844 0.036146
4 0.678633 0.118323 0.050828 0.022146
4 0.659508 0.143240 0.047891 0.033688
4 0.905000 0.023615 0.044250 0.026396
4 0.953023 0.025937 0.057047 0.029083
4 0.857008 0.248771 0.053609 0.105333
4 0.776062 0.186448 0.043281 0.038146
4 0.677391 0.183052 0.026906 0.021854
4 0.634352 0.118833 0.041922 0.028917
0 0.030242 0.401021 0.060484 0.322167
4 0.797969 0.116594 0.046469 0.025187
0 0.100383 0.367771 0.078547 0.293750
0 0.499219 0.176042 0.998437 0.352083
4 0.747656 0.162500 0.501563 0.312500