3 0.311250 0.681469 0.073333 0.122469
3 0.263979 0.665023 0.062958 0.096172
3 0.382385 0.563992 0.044562 0.088016
3 0.431490 0.330266 0.039271 0.072438
3 0.427740 0.663367 0.057896 0.091172
3 0.166917 0.671797 0.055375 0.092406
3 0.298813 0.828273 0.043000 0.100078
3 0.309344 0.785789 0.017437 0.030328
3 0.551760 0.805156 0.025438 0.037062
3 0.838771 0.834648 0.019542 0.028578
3 0.142073 0.785836 0.035896 0.069141
3 0.185146 0.790617 0.048333 0.062734
4 0.168667 0.850141 0.258292 0.057313
3 0.227896 0.788102 0.029167 0.074578
3 0.243750 0.593750 0.250000 0.450000