3 0.241180 0.853927 0.101234 0.265165
3 0.280117 0.521686 0.026172 0.088420
3 0.266008 0.503137 0.018422 0.067406
0 0.586359 0.622429 0.160281 0.454906
0 0.802914 0.658196 0.299453 0.683608
0 0.396211 0.601533 0.237328 0.555142
6 0.519211 0.938880 0.052891 0.119127
6 0.375891 0.905955 0.052719 0.122335
0 0.148430 0.618184 0.296859 0.665377
0 0.333055 0.421592 0.080672 0.265778
0 0.299375 0.390436 0.049031 0.336958
0 0.365352 0.279269 0.081453 0.162736
0 0.477180 0.355566 0.129547 0.482689
0 0.111508 0.408420 0.078703 0.131179
0 0.144406 0.372807 0.037781 0.084670
0 0.047875 0.511285 0.093937 0.376156