0 0.216578 0.426969 0.150000 0.386521
0 0.207766 0.631760 0.412156 0.716229
0 0.747477 0.633708 0.433141 0.732583
0 0.662469 0.380365 0.151625 0.338479
6 0.448164 0.644698 0.061078 0.163979
6 0.488352 0.583479 0.059016 0.156292
6 0.421258 0.529021 0.052984 0.166875
6 0.440289 0.461854 0.037422 0.106292
6 0.484250 0.459854 0.021750 0.040292
6 0.424016 0.435396 0.031563 0.084875
6 0.500898 0.445625 0.062953 0.099917
4 0.900633 0.616292 0.198516 0.732250
4 0.022398 0.387667 0.041141 0.191250
4 0.587828 0.371448 0.026719 0.089063
4 0.417930 0.322948 0.022891 0.065313
6 0.484984 0.500083 0.045719 0.045625
4 0.705063 0.336188 0.036469 0.044083
4 0.522680 0.373240 0.047984 0.083937
4 0.440859 0.326406 0.025844 0.040104
4 0.502570 0.312948 0.023984 0.021313
4 0.496734 0.279031 0.038562 0.029979
4 0.587289 0.321427 0.055797 0.072646
4 0.153289 0.698948 0.306578 0.602104
4 0.339062 0.339583 0.112500 0.287500