1 0.299875 0.816124 0.166437 0.268829
1 0.375414 0.353571 0.077047 0.092201
1 0.434523 0.245574 0.054547 0.065995
1 0.347031 0.470375 0.098562 0.115176
1 0.183664 0.462916 0.103453 0.134824
1 0.251984 0.381112 0.077719 0.097354
1 0.077961 0.777518 0.155922 0.197752
1 0.242875 0.202541 0.053187 0.057400
1 0.397289 0.299801 0.066828 0.106066
0 0.924852 0.486557 0.034578 0.129087
0 0.964047 0.421089 0.036469 0.144941
1 0.297859 0.313372 0.076469 0.101733
0 0.906047 0.340375 0.031781 0.113817
0 0.875328 0.352389 0.033219 0.104590
0 0.854539 0.377974 0.029703 0.122600
0 0.787469 0.331112 0.024656 0.129391
0 0.094914 0.736230 0.035328 0.044965
0 0.264570 0.755281 0.042547 0.057260
0 0.332430 0.748782 0.044953 0.051007
0 0.222547 0.129918 0.011719 0.042178
0 0.993461 0.500047 0.013078 0.126511
0 0.689695 0.544789 0.044047 0.056370
1 0.349992 0.239204 0.062141 0.076206
0 0.916305 0.328770 0.018359 0.120398
1 0.470453 0.173185 0.048656 0.051663
0 0.434375 0.395785 0.840625 0.730679
1 0.264844 0.161593 0.045312 0.051522