2 0.486080 0.725209 0.074080 0.297402
2 0.696710 0.732751 0.106460 0.282318
2 0.307410 0.721844 0.090460 0.312626
0 0.311340 0.569288 0.127120 0.474162
0 0.570390 0.595475 0.096700 0.507765
0 0.898630 0.641201 0.111020 0.495866
0 0.692850 0.601550 0.130700 0.473603
0 0.621370 0.571425 0.043940 0.381955
0 0.486950 0.578520 0.121740 0.449665
0 0.438840 0.626034 0.068400 0.365922
0 0.385030 0.608031 0.077300 0.472039
0 0.420330 0.399763 0.067860 0.115894
0 0.034070 0.677263 0.068140 0.645475
0 0.192510 0.599162 0.112060 0.527486
0 0.101320 0.548031 0.109480 0.264441
0 0.806650 0.577388 0.149420 0.510251
0 0.519000 0.541899 0.786000 0.575419