2 0.318141 0.642091 0.034844 0.118528
1 0.190555 0.584299 0.119359 0.098925
1 0.949430 0.755923 0.101141 0.346238
1 0.144750 0.566612 0.125625 0.168785
1 0.719156 0.673119 0.281219 0.352173
0 0.324805 0.590327 0.055047 0.201963
0 0.397805 0.560584 0.019266 0.123131
0 0.470937 0.554112 0.018812 0.109533
0 0.231758 0.530175 0.020422 0.077640
0 0.291578 0.545584 0.019344 0.098318
0 0.275125 0.554988 0.023062 0.114790
0 0.046977 0.518540 0.030609 0.048621
0 0.439953 0.543493 0.017875 0.108061
1 0.380891 0.569790 0.021219 0.071402
0 0.086203 0.430502 0.016719 0.021098
2 0.365125 0.589988 0.036062 0.096799
2 0.279180 0.582091 0.039984 0.050724