6 0.568219 0.595656 0.059781 0.115396
6 0.475859 0.688948 0.034844 0.080021
6 0.424172 0.616771 0.027031 0.066583
0 0.226680 0.693260 0.261234 0.613479
0 0.798875 0.737083 0.316844 0.498875
0 0.719484 0.522583 0.139406 0.269542
0 0.642133 0.440448 0.155047 0.215729
0 0.635344 0.396135 0.076344 0.140437
0 0.587656 0.394385 0.062344 0.124104
0 0.080898 0.462240 0.151672 0.211229
0 0.399500 0.332083 0.054937 0.051667
0 0.111516 0.342490 0.034344 0.056271
0 0.570500 0.259552 0.048875 0.105604
6 0.609969 0.487781 0.022250 0.040688
6 0.472859 0.424490 0.014938 0.029021
6 0.475687 0.375010 0.010531 0.021979
0 0.548531 0.367094 0.050125 0.112812
0 0.583297 0.321240 0.030344 0.045979
6 0.601055 0.586479 0.023391 0.054542
0 0.345539 0.575646 0.129016 0.395625
6 0.611398 0.699677 0.034391 0.075687
0 0.265625 0.387500 0.512500 0.308333