3 0.333625 0.519054 0.082469 0.405818
4 0.719719 0.304848 0.069531 0.236799
4 0.068687 0.540070 0.137375 0.462757
4 0.192094 0.496390 0.195312 0.429650
4 0.956742 0.590409 0.086516 0.342967
0 0.532438 0.265759 0.393125 0.529276
0 0.894852 0.130701 0.147109 0.261308
0 0.959836 0.274147 0.077609 0.379463
3 0.701391 0.084790 0.012625 0.074252
3 0.690070 0.085748 0.017328 0.077757
3 0.671953 0.090502 0.009938 0.064089
3 0.662188 0.087979 0.012313 0.061519
3 0.650578 0.079778 0.012188 0.047313
3 0.640937 0.074287 0.008594 0.031799
3 0.630234 0.066273 0.005375 0.015537
6 0.226391 0.551659 0.118188 0.402009
6 0.938711 0.223843 0.027547 0.099136
4 0.801703 0.263738 0.101281 0.330280
0 0.323500 0.149930 0.084094 0.217103
0 0.050055 0.520502 0.100109 0.304276
6 0.295547 0.332091 0.090688 0.280678
6 0.918391 0.198037 0.028187 0.133178
0 0.222344 0.166227 0.184125 0.290911