6 0.418336 0.301311 0.014672 0.019532
6 0.430922 0.301347 0.010000 0.015948
6 0.441703 0.301253 0.014063 0.019368
6 0.404625 0.300422 0.012344 0.022201
5 0.391320 0.789895 0.170922 0.146066
0 0.790086 0.531054 0.249859 0.937892
0 0.920922 0.425012 0.108656 0.414895
0 0.640406 0.327096 0.067969 0.321358
0 0.753695 0.293852 0.052453 0.152529
0 0.711992 0.274590 0.064672 0.287119
0 0.431375 0.375656 0.085656 0.404941
0 0.357305 0.357541 0.059203 0.386557
0 0.663414 0.305773 0.048547 0.279836
6 0.425172 0.289286 0.022312 0.007471
0 0.537633 0.495703 0.185391 0.818290