2 0.859148 0.809262 0.182609 0.297400
2 0.412930 0.743396 0.032922 0.177330
1 0.942711 0.709719 0.113203 0.299110
1 0.316383 0.616639 0.039922 0.040164
1 0.746844 0.621101 0.054250 0.078735
1 0.767758 0.636218 0.054453 0.098525
0 0.524523 0.693548 0.139016 0.423724
0 0.865844 0.652553 0.136437 0.393255
0 0.412344 0.664450 0.069500 0.254052
0 0.155180 0.620222 0.016484 0.076417
0 0.212508 0.717143 0.123422 0.386511
0 0.052352 0.728653 0.097672 0.542693
0 0.105875 0.703653 0.060219 0.386792
0 0.136891 0.650820 0.023531 0.159953
2 0.525727 0.806710 0.078578 0.303068
1 0.853250 0.639098 0.178375 0.171593