2 0.699719 0.841065 0.057750 0.078859
2 0.883195 0.716844 0.032359 0.081445
0 0.288883 0.877966 0.032734 0.220798
0 0.163820 0.658783 0.020359 0.090114
0 0.101656 0.685532 0.023875 0.148403
0 0.261102 0.854030 0.029609 0.267529
0 0.094055 0.741521 0.023141 0.173156
0 0.124828 0.593897 0.019938 0.079202
0 0.041094 0.757300 0.028625 0.220228
0 0.337883 0.402376 0.005859 0.006578
0 0.263609 0.781350 0.033156 0.138137
2 0.970742 0.638593 0.026047 0.071179
2 0.761648 0.807947 0.043234 0.130951
0 0.395563 0.831008 0.036187 0.231673
0 0.159266 0.774506 0.024625 0.240798
0 0.249977 0.478156 0.011297 0.043156
2 0.680242 0.869772 0.053484 0.094221
2 0.794117 0.783631 0.046891 0.083384
0 0.279453 0.601293 0.014406 0.133156
0 0.457813 0.684411 0.906250 0.471483