1 0.389620 0.410227 0.025880 0.025093
1 0.245450 0.408893 0.043180 0.033200
0 0.630990 0.452960 0.047540 0.188213
0 0.519010 0.450733 0.023220 0.074053
0 0.504710 0.460813 0.013900 0.055067
2 0.831740 0.742693 0.328640 0.186507
0 0.974920 0.445533 0.012920 0.064720
0 0.993620 0.456080 0.012760 0.052640
0 0.133610 0.418493 0.011940 0.028080
0 0.897120 0.414253 0.005600 0.034960
0 0.799830 0.414040 0.007660 0.039173
0 0.934090 0.458747 0.023020 0.066667
0 0.774280 0.429933 0.008280 0.041627
0 0.763090 0.416547 0.009020 0.022907
0 0.217740 0.412573 0.013160 0.037253
1 0.106630 0.411880 0.034580 0.041733