1 0.676516 0.712904 0.130562 0.144075
1 0.564102 0.624778 0.060516 0.084169
1 0.149969 0.646124 0.146844 0.162365
1 0.386086 0.637412 0.044328 0.062600
1 0.453734 0.631932 0.049188 0.052389
1 0.487656 0.624778 0.031563 0.039672
1 0.508109 0.612389 0.024531 0.037845
1 0.522578 0.591522 0.033594 0.033630
1 0.530602 0.624941 0.014672 0.046511
0 0.070969 0.638852 0.026500 0.117471
0 0.747852 0.653396 0.016797 0.088618
0 0.731219 0.647646 0.015063 0.061944
1 0.673172 0.626967 0.072656 0.044988
1 0.616852 0.612658 0.031109 0.032951
0 0.102656 0.599813 0.015750 0.035597