0 0.603797 0.912368 0.161344 0.107855
0 0.469711 0.836630 0.022453 0.136825
0 0.348672 0.961894 0.047438 0.076212
0 0.718758 0.777535 0.037016 0.147716
0 0.764945 0.773106 0.032953 0.131003
0 0.904758 0.920000 0.120109 0.160000
0 0.829242 0.767967 0.042203 0.165905
0 0.787586 0.787061 0.020203 0.111894
0 0.864844 0.740209 0.023375 0.086212
0 0.302477 0.913677 0.069172 0.145738
0 0.532047 0.838454 0.026844 0.113844
2 0.256203 0.925710 0.032531 0.068969
1 0.051383 0.879443 0.098828 0.114875
0 0.557195 0.862688 0.022172 0.066825
1 0.356961 0.862340 0.020391 0.062340
0 0.553922 0.878120 0.099687 0.131671
0 0.535156 0.844011 0.885938 0.289694