4 0.419156 0.802861 0.124594 0.372056
4 0.552078 0.812819 0.201969 0.351583
0 0.138016 0.552861 0.059625 0.099444
0 0.384156 0.512417 0.043656 0.200889
4 0.689594 0.770917 0.080531 0.431778
6 0.532383 0.616222 0.022859 0.062333
6 0.396617 0.614153 0.027234 0.039417
6 0.435625 0.597333 0.020906 0.053722
6 0.498422 0.364278 0.012656 0.036556
6 0.474641 0.578944 0.029875 0.041222
6 0.506516 0.602222 0.016875 0.073611
0 0.130227 0.580403 0.063891 0.096139
0 0.711172 0.152250 0.028500 0.060889
0 0.158680 0.401778 0.087672 0.324056
0 0.588141 0.442194 0.070781 0.238500
4 0.320984 0.492861 0.114000 0.136111
4 0.084016 0.851944 0.165094 0.270111
4 0.499695 0.495528 0.074266 0.085778
4 0.318617 0.662903 0.094766 0.208694
0 0.248375 0.615583 0.201625 0.737667