3 0.336313 0.296000 0.030344 0.127958
3 0.300047 0.313167 0.024938 0.100917
3 0.398453 0.306031 0.029313 0.101521
3 0.415891 0.288896 0.022562 0.097958
0 0.457281 0.558604 0.601187 0.882792
0 0.147141 0.555938 0.227031 0.538125
0 0.723570 0.633240 0.195516 0.724979
0 0.347945 0.209833 0.073359 0.243750
0 0.407852 0.181083 0.104109 0.303583
0 0.043820 0.713479 0.087641 0.492125
0 0.833008 0.091000 0.093047 0.115917
6 0.774344 0.327833 0.029625 0.064625
6 0.813344 0.327521 0.030844 0.056833
0 0.272586 0.382323 0.248609 0.281479
6 0.860320 0.331458 0.036047 0.052375