4 0.390188 0.518277 0.205031 0.210761
0 0.667062 0.471089 0.327594 0.672368
3 0.509844 0.124471 0.021969 0.119345
3 0.525117 0.115359 0.022984 0.125603
3 0.567805 0.112368 0.055484 0.114841
6 0.613602 0.879323 0.088578 0.104101
6 0.705367 0.787146 0.069422 0.089302
4 0.068391 0.704070 0.128531 0.203235
0 0.769883 0.155782 0.119297 0.305645
3 0.456836 0.132822 0.026078 0.128351
3 0.475719 0.124736 0.021813 0.122030
3 0.489664 0.120116 0.024016 0.127294
3 0.572867 0.104239 0.017734 0.118245
3 0.540883 0.128689 0.017453 0.090698