387
531
562
641
650
715
754
762
775
927
941
960
1053
1145
1237
1315
1347
1355
1374
1436
1526
1625
1722
1756
1757
1924
1941
1947
2014
2139
2284
2347
2389
2429
2434
2459
2664
2691
2776
3259
3353
3464
3483
3595
3671
3703
3716
3789
3830
3870
4068
4069
4157
4212
4331
4355
4376
4410
4462
4489
4567
4595
4622
4665
4731
4739
4762
4968
4988
5038
5073
5111
5113
5140
5360
5486
5589
5617
5619
5620
5755
5756
5802
5804
5883
5917
6019
6220
6233
6355
6489
6595
6725
6842
6921
6996
6998
7104
7125
7155
7274
7524
7539
7603
7650
7710
7713
7819
7830
7890
8025
8043
8170
8187
8383
8498
8592
8721
8746
8747
8785
8794
8922
8999
9095
9156
9253
9296
9317
9462
9488
9527
9556
9572
9760
9807
9830
9836
9895
10176
10229
10243
10337
10484
10545
10560
10581
10613
10779
10825
10844
10870
10907
11100
11115
11291
11294
11332
11340
11420
11485
11579
11591
11694
11696
11720
11742
11842
11953
11968
12034
12044
12093
12240
12283
12428
12443
12544
12614
12784
12805
12818
12833
12876
12892
12896
12933
12946
12993
13081
13082
13198
13230
13258
13273
13279
13290
13296
13355
13357
13372
13420
13719
13944
13985
14004
14034
14036
14044
14049
14088
14089
14244
14306
14335
14388
14432
14458
14653
14698
14750
14764
14873
14938
15069
15109
15197
15269
15307
15374
15427
15451
15524
15552
15663
15851
16038
16123
16216
16283
16403
16470
16526
16616
16805
16935
16961
17106
17192
17236
17244
17267
17273
17392
17655
17697
17882
17953
17967
18029
18099
18171
18214
18233
18309
18418
18424
18475
18658
18661
18819
18903
18916
18973
19023
19074
19132
19322
19399
19523
19544
19592
19635
19767
19793
19874
19916
19926
19980
20030
20046
20172
20253
20279
20307
20489
20576
20619
20641
20720
20849
20888
20908
20917
20925
21060
21213
21232
21240
21253
21365
21423
21452
21462
21469
21528
21647
21711
21747
21782
22145
22167
22176
22180
22228
22355
22374
22708
22741
22757
22777
22863
22962
23025
23047
23094
23141
23298
23311
23315
23405
23446
23511
23551
23718
23723
23812
23821
23874
23906
23914
24081
24105
24132
24149
24195
24253
24259
24385
24411
24489
24507
24714
24721
24778
24779
24782
25115
25237
25506
25595
25665
25765
25833
25853
25860
25864
25972
26017
26026
26029
26049
26078
26190
26201
26294
26348
26362
26436
26445
26488
26536
26768
26913
26982
27041
27285
27365
27510
27519
27610
27611
27717
27727
27763
27792
27859
27862
27942
27969
27975
28071
28231
28253
28276
28281
28320
28377
28575
28589
28654
28674
28797
28824
29128
29140
29155
29241
29304
29449
29457
29563
29639
29642
29706
29711
29821
29838
29891
29913
29931
30062
30143
30328
30347
30383
30389
30391
30429
30434
30448
30787
30836
31016
31019
31090
31092
31151
31188
31335
31368
31434
31537
31561
31567
31587
31699
31745
31765
31813
31919
32068
32124
32284
32471
32533
32606
32629
32644
32664
32760
32893
32932
32984
33066
33116
33172
33631
33733
33751
33861
33901
33904
34019
34039
34120
34212
34223
34235
34551
34624
34680
34752
34786
34831
34842
34866
35094
35127
35145
35230
35322
35361
35525
35705
35769
35820
35825
35827
35844
35864
35884
35966
35979
36029
36034
36053
36077
36091
36273
36663
36953
37209
37326
37502
37514
37539
37655
37707
37727
37771
37789
37800
38266
38276
38336
38353
38380
38432
38447
38582
38616
38686
38718
38730
38817
38865
38999
39078
39080
39115
39138
39202
39211
39258
39301
39321
39446
39464
39598
39659
39779
39828
39852
40037
40187
40359
40398
40842
40855
40988
41079
41085
41152
41397
41453
41456
41459
41461
41505
41550
41568
41606
41669
41700
41754
42024
42069
42156
42540
42735
42752
42808
42862
42970
43092
43202
43269
43279
43417
43522
43655
43773
43813
43883
43894
43939
43944
43961
44045
44138
44266
44312
44463
44677
44751
44782
44818
44825
45059
45094
45284
45374
45446
45475
45552
45573
45622
45672
45687
45746
45959
45999
46002
46059
46068
46078
46168
46251
46260
46805
46816
46848
46869
47020
47022
47125
47333
47570
47652
47658
47659
47746
47916
47953
48044
48066
48129
48475
48609
48682
48759
48786
48900
49092
49097
49258
49424
49428
49444
49592
49746
49790
49796
49913
49984
50061
50099
50148
50161
50354
50389
50480
50507
50563
50602
50752
50975
51054
51070
51083
51167
51168
51203
51302
51465
51478
51594
51630
51643
51799
51943
52012
52037
52038
52282
52290
52308
52442
52461
52644
52650
52703
52847
53184
53330
53405
53425
53431
53479
53532
53539
53802
53803
53864
53900
53939
53952
53977
54091
54133
54252
54273
54286
54304
54334
54464
54533
54563
54749
54764
54974
55090
55201
55303
55323
55375
55398
55466
55578
55695
55912
55984
56040
56109
56116
56567
56716
56752
56753
56972
57018
57095
57361
57460
57466
57481
57542
57647
57663
57673
57745
57772
57812
57828
57879
58057
58099
58102
58134
58143
58153
58223
58254
58267
58283
58296
58403
58517
58614
58684
58766
58886
58926
59388
59455
59479
59526
59540
59582
59666
59685
59843
59947
60018
60196
60203
60324
60496
60515
60539
60548
60678
60952
60982
61007
61034
61054
61133
61219
61314
61452
61478
61507
61535
61585
61648
61693
61730
61773
61822
61832
61897
61925
61945
61967
61982
61983
62053
62109
62132
62175
62237
62244
62276
62324
62395
62459
62510
62608
62623
62703
62743
62770
63035
63040
63270
63446
63521
63525
63571
63619
63626
63791
63804
63835
63953
64015
64098
64121
64148
64170
64264
64460
64659
64684
64893
64941
65012
65207
65245
65267
65329
65358
65400
65407
65448
65457
65530
65604
65668
65716
65836
65859
65955
65962
65971
65986
66190
66230
66373
66376
66406
66691
66789
66816
66853
66883
67015
67052
67057
67155
67208
67269
67320
67439
67462
67470
67502
67565
67716
67727
67768
67798
68048
68136
68198
68223
68261
68430
68646
68700
68771
68814
68898
69003
69117
69189
69214
69266
69339
69344
69498
69559
69616
69768
69826
69946
69969
70000
70251
70321
70346
70380
70402
70744
70809
70813
70815
70932
71021
71043
71302
71371
71563
71573
71657
71691
71699
71727
71754
71826
72258
72263
72430
72466
72505
72536
72595
72701
72717
72792
72810
72901
72984
72987
73182
73189
73234
73235
73239
73264
73348
73353
73427
73434
73437
73494
73549
73568
73686
73855
73904
74051
74080
74081
74166
74206
74273
74299
74357
74431
74517
74523
74538
74576
74583
74638
74722
74885
74920
74924
75052
75174
75183
75283
75285
75344
75352
75427
75516
75587
75608
75682
76122
76176
76885
76942
77072
77099
77481
77643
77697
77851
77870
77924
77990
78079
78188
78260
78263
78355
78359
78394
78488
78546
78642
78689
78977
79076
79113
79189
79333
79472
79498
79798
79841
79853
79906
79912
79966
80053
80065
80077
80085
80185
80246
80389
80394
80431
80475
80564
80651
80714
80720
80789
80883
80906
80948
80969
81031
81070
81177
81188
81691
81826
81871
81903
82118
82212
82273
82468
82548
82604
82709
82770
82894
83079
83153
83174
83214
83353
83368
83369
83462
83546
83580
83624
83639
83651
83761
83770
83844
83935
84128
84391
84415
84454
84499
84512
84540
84585
84648
84677
84740
84815
84981
85143
85160
85215
85674
85893
85941
86011
86135
86285
86372
86381
86448
86468
86556
86884
86927
86988
87096
87205
87207
87435
87588
87616
87885
87920
88045
88123
88252
88325
88330
88360
88513
88647
88697
88929
88988
89032
89150
89155
89158
89203
89207
89248
89743
89773
89792
89999
90138
90139
90149
90218
90278
90359
90444
90640
90659
90732
90830
90869
91055
91617
91639
91643
91725
91804
91833
91994
92115
92173
92207
92216
92217
92366
92462
92575
92601
92634
92648
92661
92696
92835
92904
92909
93070
93314
93384
93403
93411
93469
93476
93535
93597
93649
93736
93765
93852
93946
93964
94052
94127
94140
94179
94390
94536
94544
94566
94610
94846
94984
95020
95100
95266
95417
95418
95455
95474
95506
95749
95770
95828
95832
95850
95875
95880
95903
95908
95929
96056
96101
96105
96107
96183
96207
96294
96306
96457
96497
96539
96566
96640
96711
96746
96757
96832
96931
97053
97173
97218
97240
97264
97272
97330
97396
97450
97492
97502
97530
97568
97660
97682
97685
97818
97844
97913
97936
98034
98054
98064
98471
98493
98636
98760
99063
99073
99135
99341
99415
99417
99539
99598
99701
99790
99817
99840
99893
99910
100111
100207
100519
100539
100652
100777
100812
100817
100850
100901
100964
100975
101090
101215
101467
101510
101573
101636
101752
101814
101936
101952
102056
102133
102171
102210
102256
102278
102306
102315
102349
102420
102446
102555
102667
102778
102885
103033
103098
103114
103318
103332
103393
103427
103435
103437
103558
103699
103775
103863
103904
103929
104112
104265
104273
104365
104395
104403
104444
104541
104542
104559
104588
104621
104739
104747
104800
104891
104935
105114
105192
105195
105222
105293
105349
105388
105389
105401
105418
105470
105518
105520
105538
105658
105666
105714
105804
105853
105865
105904
106029
106100
106144
106180
106228
106314
106375
106430
106497
106537
106638
106714
106739
106786
106817
106981
107073
107119
107147
107176
107305
107421
107424
107438
107516
107586
107593
107617
107625
107664
107797
107862
108049
108208
108212
108272
108282
108499
108501
108557
108566
108679
108681
108708
108810
108892
109117
109281
109308
109314
109390
109399
109532
109539
109591
109622
109823
110123
110287
110404
110431
110460
110501
110514
110536
110616
110718
110790
110797
110821
110881
111010
111062
111099
111124
111235
111341
111352
111436
111455
111680
111705
111943
111970
112065
112122
112201
112480
112586
112673
112677
112726
113040
113132
113212
113293
113326
113369
113408
113440
113473
113504
113598
113619
113660
113700
113707
113914
113962
114027
114034
114142
114152
114175
114177
114226
114258
114353
114392
114519
114652
114692
114855
114947
114968
115005
115055
115117
115342
115365
115400
115519
115804
115893
115942
115967
116048
116049
116064
116126
116132
116334
116336
116361
116405
116588
116592
116831
116887
117016
117034
117178
117222
117325
117349
117428
117447
117458
117683
117784
117788
117991
118051
118086
118302
118378
118404
118431
118542
118544
118550
118605
118726
118743
118787
118811
119002
119047
119115
119129
119404
119535
119571
119666
119785
119805
119849
119854
119876
119909
120070
120145
120246
120400
120431
120541
120595
120745
120969
120971
121110
121232
121430
121446
121472
121612
121613
121661
121677
121693
121718
121720
121731
121779
121812
121869
121879
121952
122029
122097
122213
122235
122250
122264
122302
122350
122436
122511
122602
122763
122786
123074
123083
123214
123413
123555
123639
123647
123699
123704
123791
123935
124002
124028
124135
124178
124243
124279
124280
124347
124599
124601
124654
124707
124739
124859
124911
124979
125015
125247
125311
125452
125687
125773
125822
125845
125860
125909
125995
125998
126020
126073
126135
126235
126281
126301
126305
126389
126437
126524
126531
126552
126606
126608
126610
126613
126686
126696
126727
126733
126744
126814
126870
126895
126967
127134
127296
127298
127499
127558
127581
127750
127775
127786
127788
127799
127843
127863
127871
127892
127910
127984
128059
128201
128224
128281
128429
128462
128560
128608
128647
128649
128826
129065
129097
129108
129334
129347
129371
129462
129510
129563
129576
129765
129766
129784
129821
129862
129951
129957
130081
130116
130120
130142
130352
130366
130456
130458
130524
130534
130598
130786
130897
130908
130949
130972
131075
131172
131203
131374
131595
131621
131674
131678
131697
131825
131902
131909
131919
131980
132104
132121
132137
132310
132422
132500
132574
132698
132860
132888
132954
132984
133071
133113
133142
133146
133208
133291
133384
133576
133594
133608
133609
133629
133680
133697
133766
133845
133990
134007
134176
134378
134574
134596
134620
134657
134986
135237
135250
135270
135478
135497
135626
135708
135748
135749
135785
135976
135996
136043
136088
136123
136185
136200
136245
136260
136270
136343
136360
136415
136445
136539
136699
136832
136905
136979
137056
137090
137221
137230
137281
137366
137406
137407
137412
137451
137552
137694
137748
137778
137824
137826
137830
137861
137918
137938
138064
138075
138189
138514
138573
138704
138728
138747
138785
138871
138956
139011
139237
139296
139327
139389
139390
139397
139409
139457
139469
139503
139595
139617
139637
139639
139711
139763
139887
139897
139930
139952
139953
139987
140006
140068
140108
140188
140197
140236
140243
140263
140284
140307
140445
140481
140487
140693
140883
140999
141040
141278
141334
141654
141673
141692
141828
141946
142002
142014
142259
142342
142440
142510
142557
142562
142674
142735
142746
142826
142847
142896
142958
143024
143186
143224
143436
143470
143560
143767
143927
143952
143958
144018
144022
144093
144202
144252
144371
144467
144552
144992
145025
145101
145129
145188
145231
145295
145448
145460
145503
145520
145523
145570
145604
145629
145718
145741
145945
146091
146112
146151
146317
146481
146561
146611
146614
146638
146645
146757
146805
146936
146963
146972
147060
147101
147192
147289
147331
147375
147545
147576
147753
147793
147829
147839
147846
147921
148055
148067
148101
148146
148239
148267
148282
148366
148525
148852
148977
148994
149060
149150
149204
149250
149327
149550
149555
149623
149676
149679
149783
149849
149961
150032
150053
150158
150197
150276
150435
150546
150559
150599
150652
150703
150763
150874
150877
151095
151196
151229
151289
151327
151466
151564
151566
151576
151585
151637
151764
151778
151864
152004
152038
152176
152328
152336
152340
152819
152954
153219
153300
153321
153476
153542
153563
153578
153620
153674
153692
153776
153803
154095
154189
154244
154254
154337
154587
154677
154689
154693
154701
154717
154830
154898
154911
155105
155107
155270
155302
155379
155449
155505
155591
155652
155806
155892
155912
155997
156066
156090
156301
156367
156497
156604
156759
156833
156846
156849
156910
156939
156969
157001
157020
157063
157186
157194
157416
157476
157516
157519
157581
157593
157653
157700
157866
157872
157876
157955
158044
158107
158198
158222
158272
158292
158344
158428
158485
158708
158718
158787
158794
158869
158876
158915
158965
158982
159409
159453
159667
159763
159820
159856
159889
159926
159948
160016
160089
160142
160233
160259
160276
160420
160459
160480
160498
160503
160596
160610
160708
160712
160848
160890
161121
161141
161289
161384
161386
161447
161749
161818
162199
162249
162355
162390
162524
162547
162627
162763
162813
162848
162861
162952
162977
163068
163128
163185
163253
163348
163387
163412
163485
163498
163540
163571
163579
163598
163683
163727
163829
164005
164076
164103
164170
164200
164339
164381
164435
164453
164521
164657
164659
164680
164696
165014
165046
165055
165225
165334
165350
165376
165688
165707
165753
165803
165868
165956
166043
166067
166200
166303
166344
166375
166482
166549
166565
166589
166621
166637
166653
166699
166853
166926
166948
166998
167123
167354
167551
167743
167818
168020
168083
168108
168161
168207
168234
168250
168368
168522
168546
168622
168650
168690
168763
168774
168900
168927
169026
169040
169066
169351
169480
169633
169638
169646
169686
169991
170045
170101
170118
170366
170371
170529
170540
170558
170658
170689
170716
170754
170813
170877
170917
170950
170952
171107
171139
171158
171199
171239
171297
171435
171539
171585
171695
171753
171766
171809
171936
171962
171967
172012
172040
172218
172232
172340
172342
172422
172498
172513
172850
172874
172901
173161
173252
173434
173464
173550
174012
174043
174097
174206
174304
174336
174354
174567
174595
174601
174679
174745
174749
174771
174773
174887
175195
175359
175370
175421
175484
175539
175583
175867
175925
176029
176174
176278
176321
176335
176440
176726
176873
176925
177088
177150
177193
177245
177319
177349
177467
177748
177811
177824
177842
177924
177974
178040
178156
178198
178418
178446
178485
178635
178749
178835
178838
178874
178890
178901
178924
178939
178948
178980
179070
179201
179242
179322
179346
179511
179526
179532
179551
179699
179839
179961
180141
180287
180327
180351
180362
180470
180541
180563
180569
180593
180662
180718
180787
180794
180987
181022
181223
181249
181260
181443
181453
181509
181782
181852
182078
182104
182164
182189
182334
182362
182468
182624
182696
182755
182784
182785
182820
182897
182972
183068
183219
183319
183332
183537
183676
183690
183692
183914
184099
184139
184205
184550
184556
184585
184589
184806
184828
184835
184884
185041
185051
185064
185153
185265
185293
185546
185558
185571
185577
185614
185646
185781
185902
185943
186103
186109
186205
186218
186280
186412
186563
186578
186585
186646
186685
186703
186822
186833
186962
187001
187042
187119
187241
187379
187400
187420
187442
187473
187514
187569
187752
187821
187878
187914
187933
187952
188009
188040
188084
188146
188148
188165
188189
188218
188346
188411
188599
188648
188826
188847
188866
188965
189156
189168
189224
189241
189260
189274
189376
189588
189598
189767
189770
189794
189813
189893
189915
189996
190018
190115
190156
190360
190387
190447
190494
190556
190705
190829
190882
190942
191042
191054
191136
191197
191225
191511
191616
191669
191850
191874
191913
191961
192043
192128
192192
192212
192216
192236
192273
192320
192539
192651
192655
192714
192745
192787
192806
192835
192858
192920
193001
193031
193034
193095
193193
193194
193243
193254
193287
193398
193465
193476
193547
193690
193855
193878
194208
194289
194336
194434
194545
194564
194643
194669
194738
194752
194820
194842
194845
194851
194871
194907
194974
195042
195079
195296
195351
195538
195542
195598
195798
195861
195927
195949
196002
196090
196226
196351
196510
196608
196610
196665
196676
196758
196773
196811
196842
197251
197305
197368
197458
197540
197585
197681
197705
197718
197805
197886
197897
197915
197959
197997
198027
198176
198198
198352
198426
198495
198604
198610
198611
198622
198635
198793
198799
198856
198947
199133
199158
199502
199575
199883
199946
199960
200024
200181
200200
200247
200302
200305
200365
200376
200401
200476
200494
200984
201032
201035
201192
201249
201260
201402
201436
201519
201655
201659
201835
201859
201891
201940
202066
202086
202093
202154
202225
202554
202601
202990
203248
203257
203269
203304
203454
203492
203564
203601
203612
203616
203680
203702
203705
203747
203859
203867
203912
203937
204044
204051
204074
204174
204217
204279
204311
204420
204448
204683
204726
204775
204825
204832
204889
204981
205078
205102
205114
205116
205150
205221
205313
205344
205354
205392
205525
205533
205560
205613
205679
205762
206013
206147
206198
206260
206356
206492
206584
206627
206636
206662
206751
206833
206871
206903
207074
207077
207090
207151
207215
207491
207543
207573
207691
207857
207860
207967
208055
208121
208206
208220
208304
208333
208340
208516
208714
208806
208868
209007
209041
209071
209162
209232
209253
209299
209380
209428
209531
209548
209574
209655
209667
209733
209788
209893
210201
210363
210368
210374
210404
210431
210471
210472
210522
210597
210736
210795
210883
210920
210956
210973
210980
211112
211177
211215
211260
211347
211351
211527
211546
211600
211622
211677
211713
211844
211850
211867
211989
212082
212197
212292
212381
212451
212558
212605
212610
212649
212663
212741
212766
212824
212859
212877
213003
213077
213274
213434
213506
213525
213527
213538
213579
213693
213780
213854
213963
214007
214024
214046
214204
214266
214305
214363
214413
214421
214563
214641
214698
214777
214800
214834
214848
214853
215223
215227
215244
215255
215410
215456
215523
215563
215622
215738
215872
215896
215907
215994
216091
216150
216228
216324
216665
216711
216726
216766
216840
216921
217091
217108
217131
217224
217272
217329
217397
217465
217574
217623
217636
217707
217859
217893
217925
217989
218106
218142
218145
218155
218179
218305
218343
218399
218430
218455
218494
218546
218635
218647
218775
218842
219170
219248
219269
219411
219413
219437
219454
219465
219546
219589
219591
219606
219624
219735
219756
219855
219859
219861
219909
220006
220096
220111
220216
220372
220464
220472
220486
220655
220665
220843
220922
221004
221311
221420
221427
221433
221441
221540
221562
221605
221614
221633
221717
221730
221743
221753
222075
222127
222145
222244
222259
222430
222512
222628
222674
222694
222702
222783
222844
222964
223086
223094
223241
223295
223357
223366
223426
223474
223540
223831
223838
223874
223905
223930
224005
224056
224118
224149
224190
224243
224285
224306
224395
224476
224505
224670
224772
224894
225076
225183
225329
225352
225402
225458
225479
225518
225537
225603
225608
225784
225848
225919
226046
226065
226162
226211
226220
226232
226243
226517
226528
226555
226632
226734
226936
227040
227185
227226
227307
227359
227439
227440
227460
227577
227587
227656
227734
227743
227806
227851
227879
227901
227960
228011
228091
228155
228172
228411
228450
228799
228910
228953
229000
229020
229035
229132
229149
229156
229171
229172
229241
229286
229301
229362
229391
229507
229525
229622
229733
229837
229875
230209
230236
230436
230468
230501
230650
230851
230862
230864
230867
230893
230976
231035
231091
231102
231142
231164
231315
231334
231450
231460
231500
231524
231593
231614
231714
231732
231786
231863
231991
232148
232167
232250
232262
232279
232311
232329
232344
232376
232434
232484
232488
232500
232503
232661
232723
232886
232993
233007
233112
233193
233242
233497
233500
233526
233543
233637
233638
233642
233660
233703
233706
233830
233872
233938
233954
233991
234083
234197
234207
234211
234387
234433
234501
234555
234748
234755
234900
234986
235017
235061
235233
235276
235358
235537
235591
235600
235644
235672
235839
235876
236010
236148
236182
236184
236386
236556
236593
236671
236674
236714
236744
236840
236920
237031
237054
237232
237233
237318
237327
237399
237423
237428
237467
237511
237611
237677
237772
237825
237831
237835
237844
237853
237903
238086
238147
238171
238217
238231
238488
238502
238712
238808
238860
238881
238982
239001
239010
239157
239315
239327
239427
239457
239656
239670
239791
240455
240589
240648
240741
240813
240902
240915
240950
240961
241148
241187
241294
241324
241341
241342
241369
241421
241458
241465
241466
241720
241761
241832
241860
242051
242142
242203
242218
242427
242457
242458
242529
242592
242677
242731
242734
242931
242982
243021
243160
243296
243418
243421
243472
243518
243629
243637
243737
243796
243824
243825
243839
243938
243962
244011
244014
244032
244122
244293
244328
244353
244424
244471
244504
244589
244633
244646
244692
244713
244748
244782
244834
244835
244844
244967
245295
245315
245483
245528
245642
245757
245971
246001
246084
246156
246327
246435
246453
246590
246701
246718
246927
246940
246981
247034
247098
247181
247259
247269
247317
247318
247351
247397
247493
247515
247680
247720
247839
248091
248251
248320
248364
248478
248559
248591
248643
248709
248856
248876
248920
248957
249111
249120
249130
249131
249139
249290
249470
249599
249666
249720
249810
249891
249968
250054
250108
250124
250210
250249
250278
250344
250383
250543
250592
250677
250778
250955
251062
251079
251098
251531
251578
251723
251751
251897
251974
252054
252069
252147
252177
252193
252277
252280
252411
252448
252457
252625
252679
252751
252839
252846
253004
253054
253094
253447
253483
253513
253730
253958
253975
253992
254042
254060
254129
254218
254410
254420
254460
254491
254510
254745
254807
254821
254869
254879
254882
254917
254986
255006
255158
255226
255317
255326
255573
255604
255623
255665
256141
256155
256197
256214
256220
256308
256504
256589
256611
256630
256722
256741
256824
256981
257036
257136
257164
257236
257392
257407
257421
257426
257461
257471
257575
257670
257683
257713
257723
257773
257815
257920
257993
258112
258304
258346
258352
258382
258440
258472
258505
258559
258734
258832
258860
259085
259093
259113
259188
259216
259228
259408
259519
259535
259556
259703
259719
260035
260134
260486
260513
260627
260635
260651
260655
260664
260800
260857
260871
261050
261118
261129
261240
261272
261316
261326
261349
261779
261800
261843
262006
262059
262353
262360
262495
262508
262514
262605
262617
262670
262718
262747
262954
262967
263002
263008
263104
263328
263479
263734
263744
263769
264092
264241
264244
264250
264256
264322
264336
264363
264499
264581
264605
264620
264712
264884
264923
264969
265211
265236
265315
265586
265597
265625
265815
265818
265964
266108
266151
266153
266244
266311
266334
266557
266587
266652
266655
266914
266961
266976
267042
267111
267274
267408
267502
267548
267555
267664
267802
267815
267870
267910
267927
267932
268042
268141
268390
268412
268570
268617
268644
268668
268734
268774
269038
269253
269282
269364
269551
269561
269588
269664
269693
269888
269921
269949
270102
270109
270175
270211
270376
270406
270407
270570
270605
270625
271068
271143
271357
271396
271447
271505
271542
271590
271604
271681
271714
271795
271814
271862
272015
272082
272095
272157
272194
272203
272235
272242
272459
272569
272588
272613
272630
272658
272846
272901
272925
273086
273103
273142
273184
273276
273294
273329
273516
273606
273665
273859
273893
273898
274085
274123
274148
274170
274213
274262
274323
274352
274409
274528
274529
274556
274574
274605
274612
274667
275014
275028
275117
275197
275211
275219
275271
275325
275339
275398
275494
275558
275644
275656
275695
275708
275795
275835
275855
275863
275919
275961
275982
276006
276057
276077
276491
276527
276552
276582
276694
276721
276801
276829
276971
277094
277172
277284
277338
277346
277390
277440
277470
277472
277481
277521
277544
277831
277869
277916
278060
278095
278203
278219
278258
278315
278627
278656
278752
278822
278823
278988
279047
279085
279122
279140
279322
279331
279375
279415
279422
279479
279491
279503
279558
279588
279603
279753
279777
279816
279874
279883
279899
279946
280059
280122
280176
280177
280297
280339
280469
280758
280760
280761
280829
280873
280926
280955
280971
280995
281060
281066
281160
281163
281164
281168
281208
281227
281237
281246
281376
281382
281394
281534
281578
281679
281756
281764
281766
281790
281994
282006
282042
282115
282150
282190
282220
282293
282552
282708
282711
282720
282766
282776
282828
282994
283170
283257
283294
283456
283524
283624
283653
283840
283858
283868
283890
284008
284233
284340
284375
284507
284529
284543
284589
284703
284749
284867
284884
285045
285149
285212
285417
285486
285493
285558
285605
285649
285742
285751
285810
285877
285882
285893
286092
286116
286292
286302
286368
286425
286492
286519
286575
286678
286688
286700
286717
286785
286787
286870
287035
287041
287098
287167
287186
287234
287303
287305
287320
287366
287434
287437
287550
287578
287590
287723
287781
287804
287914
287920
287953
287970
287998
288018
288054
288170
288215
288290
288336
288451
288472
288547
288576
288599
288673
288813
288889
288905
289057
289073
289140
289192
289212
289245
289338
289469
289492
289515
289621
289693
289833
289842
289912
289920
289972
290153
290355
290379
290395
290403
290524
290549
290563
290597
290600
290668
290689
290719
290724
290812
290849
290896
290974
291019
291179
291380
291412
291438
291503
291677
291717
291839
291855
291873
291889
291936
291981
292101
292120
292135
292146
292213
292226
292278
292296
292301
292351
292519
292543
292622
292697
292767
292792
292819
292893
292986
293081
293221
293346
293587
293605
293784
293899
293906
293975
294032
294053
294083
294090
294107
294176
294379
294404
294437
294475
294549
294550
294595
294621
294679
294747
294775
294892
294909
294918
294920
295154
295185
295472
295574
295593
295599
295655
295753
295853
295864
295956
296012
296064
296108
296161
296176
296208
296360
296459
296696
296699
296735
296758
296775
296782
296797
296844
296943
296975
296994
297049
297104
297108
297180
297227
297236
297273
297372
297462
297544
297692
297730
297787
297868
297876
297880
298008
298017
298034
298071
298147
298199
298262
298318
298350
298443
298459
298558
298784
298906
299000
299122
299288
299409
299488
299665
299714
299780
299859
299952
299974
300000
300070
300103
300232
300284
300374
300375
300414
300537
300542
300620
300655
300745
301109
301251
301282
301402
301415
301486
301591
301764
301783
301916
301926
301937
301977
302019
302029
302077
302230
302310
302380
302511
302538
302712
302789
302903
302928
302960
302989
303006
303041
303076
303089
303144
303210
303330
303408
303413
303534
303538
303593
303597
303626
304078
304143
304150
304221
304336
304409
304434
304445
304627
304716
304748
304757
304759
304765
304777
304905
304930
305105
305135
305170
305224
305283
305450
305501
305564
305573
305576
305702
305781
305885
306127
306178
306219
306249
306267
306485
306511
306561
306581
306703
306789
306800
306822
306824
307243
307262
307315
307323
307502
307534
307731
307732
307794
307814
307842
307954
308086
308139
308145
308172
308195
308257
308339
308353
308358
308388
308433
308459
308487
308576
308582
308612
308659
308687
308701
308702
308735
308758
308796
308798
308892
308907
308911
308915
308964
308996
309005
309044
309071
309163
309260
309294
309302
309322
309323
309369
309400
309568
309615
309797
309873
309925
309993
310042
310131
310163
310203
310214
310278
310331
310338
310354
310376
310390
310442
310518
310523
310552
310562
310606
310695
310851
310958
311080
311087
311501
311562
311612
311706
311914
311925
311982
312041
312054
312137
312153
312247
312286
312379
312398
312476
312494
312559
312632
312671
312744
312825
312828
312887
313071
313073
313164
313234
313340
313341
313419
313502
313593
313718
313787
313922
313951
314194
314370
314439
314515
314558
314572
314626
314671
314681
314690
314694
314778
314812
314893
314907
314915
314916
314951
314983
314986
315065
315173
315195
315229
315501
315577
315719
315732
315769
315795
315976
316063
316085
316106
316145
316254
316281
316332
316353
316377
316446
316663
316669
316671
316842
316862
316912
317022
317162
317173
317208
317320
317410
317428
317509
317687
317715
317896
317898
318108
318117
318132
318174
318185
318189
318200
318234
318251
318330
318355
318382
318415
318464
318618
318701
318736
318785
318807
318854
318906
319057
319096
319115
319118
319139
319227
319299
319354
319543
319655
319706
319712
319735
319765
319917
319931
319990
320089
320200
320245
320246
320249
320374
320454
320480
320641
320649
320721
320812
320875
320964
321013
321107
321140
321318
321332
321363
321495
321508
321517
321539
321674
321701
321706
321709
321717
321885
321886
321980
322094
322121
322141
322268
322315
322337
322391
322427
322594
322719
322768
322777
322922
322952
322971
323020
323067
323114
323119
323264
323278
323336
323564
323576
323612
323661
323717
323728
323791
323963
324012
324261
324266
324275
324413
324521
324635
324638
324677
324682
324713
324717
324837
324893
324923
324958
324981
325015
325173
325211
325220
325287
325390
325555
325665
325710
325781
325806
325831
325873
325935
325936
325966
325986
325992
326014
326063
326111
326113
326202
326320
326367
326702
326776
326823
327047
327070
327146
327209
327241
327271
327281
327318
327354
327369
327413
327448
327529
327717
327726
327864
327895
327919
327983
328298
328327
328403
328582
328588
328654
328791
328818
328951
329035
329125
329134
329151
329373
329477
329551
329602
329667
329755
329766
329869
330053
330098
330112
330133
330449
330455
330495
330573
330677
330726
330748
330863
330880
330881
330909
330922
331146
331289
331298
331315
331366
331386
331395
331417
331474
331560
331695
331807
331863
331864
331937
332158
332202
332204
332217
332292
332296
332299
332485
332547
332705
332867
332916
333018
333083
333095
333207
333247
333335
333443
333463
333583
333621
333643
333691
333748
333758
333805
333888
333899
334056
334098
334140
334187
334470
334476
334513
334566
334568
334588
334735
334813
334868
335013
335065
335107
335111
335138
335181
335233
335249
335308
335362
335463
335486
335521
335713
335758
335992
336181
336310
336333
336452
336457
336563
336569
336637
336762
336840
337011
337068
337087
337146
337354
337366
337390
337448
337490
337561
337585
337609
337802
337814
337877
337886
338438
338541
338558
338629
338705
338807
338880
338941
338949
338954
338994
339177
339266
339352
339356
339368
339446
339545
339589
339678
339845
339913
339978
340155
340174
340220
340261
340406
340440
340445
340471
340511
340532
340539
340588
340636
340700
340727
340943
340971
340998
341060
341118
341132
341137
341218
341354
341420
341448
341546
341659
341736
341741
341797
341838
341933
342098
342159
342259
342666
342787
342851
343053
343059
343083
343140
343154
343204
343213
343418
343503
343504
343650
343765
343852
343878
344031
344264
344271
344280
344482
344498
344597
344671
344831
344945
344955
344996
344998
345142
345456
345576
345855
345861
346207
346343
346367
346550
346581
346614
346717
346915
346938
347058
347131
347328
347390
347403
347610
347754
347763
347976
347982
348091
348269
348277
348306
348331
348496
348609
348838
348843
348871
348904
348929
348954
349047
349144
349199
349230
349689
349709
349719
349918
349931
349932
350160
350552
350557
350560
350619
350701
350855
350953
350960
351159
351191
351210
351322
351351
351369
351439
351483
351577
351796
351840
351914
351968
351975
352065
352185
352252
352410
352422
352476
352652
352828
352841
352869
353001
353086
353098
353138
353197
353300
353316
353347
353370
353411
353435
353577
353590
353594
353748
353807
353836
353906
353929
353931
353938
353968
354059
354098
354212
354278
354306
354382
354469
354480
354603
354616
354645
354746
354821
354831
354863
354929
354938
354967
355123
355175
355179
355182
355221
355231
355424
355425
355430
355440
355487
355651
355657
355697
355748
355801
355826
355863
355918
355950
355974
356066
356071
356187
356256
356344
356394
356476
356496
356569
356570
356746
356790
356849
356856
356878
356888
356922
356948
356972
357003
357117
357461
357470
357542
357549
357584
357604
357633
357684
357758
357837
357992
357994
358086
358185
358237
358242
358281
358334
358378
358389
358466
358558
358763
358770
358825
358833
358836
358970
358989
359005
359029
359030
359048
359115
359143
359253
359268
359320
359537
359568
359676
359695
359772
359996
360073
360170
360179
360181
360211
360269
360396
360737
360760
360767
360811
360869
360870
361255
361256
361359
361391
361469
361472
361490
361670
361858
361939
362046
362118
362140
362231
362306
362340
362343
362446
362499
362711
362714
362739
362740
362751
363038
363079
363117
363370
363389
363464
363549
363607
363922
363927
363940
364139
364169
364234
364283
364340
364444
364476
364485
364691
364833
364879
365031
365123
365284
365298
365437
365512
365527
365573
365614
365626
365728
365782
365802
365946
366022
366040
366111
366254
366264
366405
366527
366576
366655
366669
366789
366799
366907
366925
367063
367074
367106
367116
367128
367409
367429
367477
367518
367562
367584
367725
367753
367754
367758
367785
367792
367977
368055
368397
368402
368510
368588
368603
368648
368731
368875
368905
369122
369190
369204
369304
369418
369504
369514
369630
369735
369770
369777
369799
369840
369889
370030
370059
370234
370285
370331
370383
370391
370448
370479
370493
370602
370682
370793
370805
370839
371114
371151
371157
371201
371313
371360
371392
371412
371789
371822
371839
371879
371890
371910
372172
372191
372415
372482
372652
372678
372740
372768
372774
372775
372804
372862
372919
373053
373101
373111
373153
373212
373373
373381
373487
373500
373574
373748
373793
373857
374115
374288
374333
374448
374593
374598
374782
374860
375086
375099
375219
375220
375232
375256
375347
375484
375509
375769
375820
375875
375882
375947
375960
376047
376087
376131
376381
376397
376590
376595
376603
376697
376731
376859
376868
376891
377008
377105
377110
377183
377251
377359
377422
377434
377509
377570
377578
377594
377850
377854
377867
377881
377999
378312
378331
378347
378448
378455
378644
378667
378807
378827
378848
378906
378950
379064
379172
379241
379285
379314
379350
379434
379475
379564
379605
379630
379649
379766
379936
379962
380126
380128
380271
380338
380420
380429
380447
380449
380586
380661
380715
380821
380828
380889
381027
381160
381238
381314
381546
381608
381837
381988
382011
382174
382316
382342
382401
382443
382638
382715
382724
382741
382854
382971
382979
383053
383197
383212
383382
383445
383453
383464
383564
383950
384166
384173
384176
384213
384231
384235
384422
384482
384563
384849
384888
384964
385066
385070
385078
385150
385172
385401
385417
385423
385505
385519
385626
385641
385707
385743
385779
385805
385971
386018
386062
386152
386261
386279
386295
386313
386326
386341
386527
386603
386722
386724
386872
386896
386967
386968
387058
387102
387124
387264
387408
387421
387429
387478
387543
387595
387599
387606
387696
387761
387792
387977
388085
388148
388188
388248
388347
388381
388453
388619
388740
388882
388893
389006
389011
389016
389037
389138
389168
389258
389295
389312
389458
389554
389577
389615
389649
389654
389667
389771
389772
389921
389996
390001
390052
390073
390099
390110
390177
390179
390243
390315
390334
390368
390706
390756
390879
390956
391084
391251
391392
391397
391435
391474
391480
391509
391584
391656
391703
391739
391801
391966
392020
392111
392167
392422
392445
392611
392717
392726
392915
392961
392971
393037
393064
393125
393243
393268
393288
393317
393493
393542
393578
393659
393692
393874
393896
393954
394033
394036
394151
394180
394234
394320
394478
394547
394595
394596
394640
394682
394766
394776
394783
394794
394921
395007
395144
395230
395290
395364
395396
395445
395512
395907
395926
395966
396137
396172
396287
396380
396467
396490
396499
396792
396793
396853
396909
396972
396984
397104
397132
397268
397292
397514
397569
397628
397664
397734
397813
397899
397908
397997
398036
398098
398105
398142
398246
398304
398494
398535
398554
398579
398697
398722
398767
398770
398818
398872
398924
398992
399058
399095
399154
399164
399200
399252
399276
399378
399392
399432
399476
399488
399595
399618
399650
399675
400010
400028
400045
400093
400107
400241
400343
400525
400528
400538
400576
400596
400658
400702
400728
400809
400848
400915
401004
401196
401229
401269
401416
401515
401681
401776
401850
401962
401971
402083
402281
402335
402447
402632
402644
402776
402847
402858
402902
402960
402967
403038
403132
403134
403135
403180
403194
403222
403249
403295
403306
403464
403489
403619
403639
403723
403798
403873
403888
404050
404140
404242
404322
404350
404395
404592
404792
404897
404910
404944
404981
405078
405141
405183
405225
405361
405451
405469
405582
405630
405657
405674
405740
405747
405767
405838
405995
406211
406268
406340
406362
406420
406534
406716
406772
406810
407118
407121
407135
407139
407225
407386
407390
407528
407596
407683
407688
407869
408047
408057
408345
408431
408736
408955
408975
409050
409064
409091
409102
409135
409367
409455
409628
409668
409706
409728
409834
410019
410024
410033
410061
410182
410225
410256
410350
410398
410446
410561
410576
410590
410603
410710
411130
411155
411238
411277
411303
411358
411441
411603
411690
411733
411748
411773
411883
411937
412034
412141
412151
412190
412277
412281
412289
412471
412516
412755
412780
412781
412824
412853
412901
413058
413248
413334
413419
413538
413556
413666
413707
413847
413956
413970
413984
414102
414115
414130
414148
414202
414284
414379
414479
414516
414588
414684
414822
414828
414887
414918
415093
415196
415201
415209
415288
415548
415589
415602
415646
415694
415828
415976
415991
416006
416111
416181
416188
416247
416281
416297
416473
416478
416528
416589
416598
416655
416786
416878
416901
417143
417164
417295
417446
417668
417797
417802
417870
417885
417987
418107
418198
418288
418292
418315
418373
418409
418505
418512
418523
418535
418711
418812
418825
418894
419019
419052
419089
419143
419145
419232
419401
419501
419664
419678
419700
419790
419834
419856
419860
420049
420052
420081
420231
420291
420363
420400
420522
420523
420610
420629
420658
420666
420688
420971
421102
421134
421205
421231
421360
421400
421488
421534
421542
421556
421566
421658
421773
421794
421825
421865
421893
422105
422117
422255
422336
422737
422774
422785
422833
422921
422969
423116
423141
423161
423275
423341
423395
423498
423643
423711
423734
423739
423742
423744
423776
423782
423875
423938
424137
424161
424229
424247
424368
424408
424443
424464
424485
424532
424539
424542
424596
424669
424683
424842
424858
424979
425000
425027
425117
425148
425359
425712
425742
425807
425837
426146
426149
426172
426209
426246
426303
426408
426548
426686
426728
426776
426839
426869
426880
426911
426917
426975
426983
426994
427169
427251
427306
427366
427377
427384
427467
427491
427561
427654
427666
427726
427745
427816
427823
427835
427870
427901
427981
428050
428126
428142
428214
428403
428503
428534
428736
428834
429025
429033
429048
429065
429111
429366
429416
429448
429485
429497
429505
429593
429658
429705
429735
429759
429959
429960
430142
430192
430285
430342
430417
430455
430480
430519
430686
430731
430776
430898
430950
431113
431236
431340
431440
431450
431464
431484
431555
431671
431715
431921
431922
431948
431997
432212
432258
432486
432519
432604
432727
432859
433101
433200
433224
433547
433605
433619
433643
433825
433830
433904
433987
434047
434069
434200
434305
434326
434358
434380
434457
434511
434549
434580
434891
435069
435124
435163
435311
435384
435444
435445
435466
435579
435620
435745
435764
435766
435795
435937
435951
436014
436038
436073
436117
436162
436185
436273
436323
436406
436479
436814
437073
437082
437129
437156
437218
437304
437452
437485
437513
437515
437518
437522
437620
437643
437664
437801
437889
437893
438045
438071
438081
438099
438103
438196
438252
438478
438537
438560
438575
438841
438844
438861
439089
439118
439241
439384
439630
439651
439758
439779
439865
439907
439946
440057
440087
440154
440284
440344
440372
440390
440511
440562
440646
440715
440779
440811
440919
440938
441103
441253
441293
441313
441325
441411
441425
441461
441471
441488
441518
442008
442043
442104
442128
442197
442214
442312
442443
442509
442518
442582
442695
443018
443167
443248
443296
443349
443512
443545
443592
443599
443604
443688
443733
443944
444214
444344
444448
444470
444546
444682
444703
444735
444916
444941
444945
445002
445113
445175
445216
445249
445309
445388
445395
445411
445495
445621
445670
445679
446014
446202
446209
446271
446352
446409
446813
446881
446917
446984
447065
447119
447150
447253
447345
447375
447424
447448
447623
447770
447863
448046
448099
448181
448518
448531
448574
448580
448648
448662
448851
448928
448958
449031
449037
449088
449152
449250
449296
449462
449760
449903
449981
450194
450206
450263
450308
450330
450355
450391
450478
450526
450634
450672
450687
450704
450737
450748
450833
450878
450897
450918
450940
451032
451095
451202
451279
451284
451324
451352
451364
451386
451440
451513
451559
451574
451594
451651
451668
451727
451751
451781
451793
451896
452004
452102
452186
452272
452502
452615
452700
452782
452819
452837
452892
452905
452931
452979
452982
453106
453216
453283
453400
453427
453481
453496
453538
453676
453680
453731
453734
453801
453972
453979
454039
454102
454143
454209
454217
454234
454252
454690
454762
455198
455203
455228
455334
455370
455408
455459
455505
455515
455639
455649
455677
455770
455808
455859
455975
456310
456323
456344
456451
456545
456572
456656
456695
456886
456936
456969
457050
457225
457292
457659
457667
457691
457720
457871
457893
457943
457962
458119
458137
458282
458286
458321
458522
458583
458748
458781
458935
459118
459141
459219
459319
459524
459576
459933
460343
460373
460408
460446
460507
460652
460739
460862
460897
461024
461030
461042
461124
461226
461267
461458
461467
462123
462135
462173
462292
462426
462505
462565
462632
462712
462750
462807
462813
462833
462929
462954
463055
463467
463474
463615
463771
463859
463865
463876
464130
464166
464263
464303
464440
464558
464650
464854
464856
464871
464888
464923
465005
465007
465204
465223
465247
465301
465321
465369
465404
465424
465638
465813
465825
465911
466001
466052
466136
466145
466196
466247
466374
466530
466694
466828
466921
466971
466988
467145
467182
467250
467257
467347
467516
467572
467646
468121
468125
468253
468530
468570
468692
468722
468742
468818
468830
469139
469170
469248
469373
469405
469480
469592
469599
469918
470005
470112
470190
470313
470364
470393
470539
470618
470720
470745
470932
470933
470988
471113
471202
471273
471528
471529
471558
471647
471686
471755
471851
471915
471945
471952
471983
472012
472022
472080
472108
472109
472133
472143
472256
472344
472432
472485
472581
472598
472602
472620
472666
472737
472842
472930
473003
473057
473069
473137
473210
473256
473370
473391
473462
473508
473575
473587
473762
473818
474004
474012
474038
474049
474054
474067
474378
474396
474401
474472
474556
474562
474597
474608
474637
474803
475001
475043
475271
475421
475482
475535
475626
475947
475952
475978
475985
475990
476060
476065
476170
476189
476235
476253
476398
476412
476444
476515
476628
476679
476681
476738
476841
476881
476882
476893
476971
477087
477120
477136
477202
477233
477245
477259
477266
477408
477435
477468
477555
477580
477622
477861
478132
478155
478227
478304
478445
478599
478652
478712
478736
478778
478845
479068
479168
479358
479461
479495
479620
479633
479707
479836
479935
479950
480036
480065
480107
480121
480467
480641
480644
480663
480741
480883
480908
481124
481125
481222
481454
481627
481688
481725
481736
481773
481828
481851
481874
481954
482024
482451
482563
482974
483001
483070
483083
483162
483165
483187
483205
483213
483362
483377
483557
483569
483628
483692
483760
483794
483971
484028
484201
484563
484661
484751
484754
484835
484912
484946
484985
485002
485081
485123
485139
485259
485288
485483
485506
485526
485529
485560
485776
485887
485926
485947
486018
486125
486154
486415
486417
486449
486457
486482
486513
486595
486846
486906
487013
487036
487274
487385
487507
487548
487644
487693
487735
487796
487840
487903
487990
488014
488086
488203
488215
488401
488422
488558
488563
488573
488686
488697
488747
488945
488977
488990
489107
489191
489203
489235
489497
489538
489554
489573
489622
489695
489700
489728
489778
489827
489844
489856
489998
490099
490102
490280
490320
490400
490546
490624
490791
490887
490888
490939
490993
491098
491272
491737
491830
491837
491947
491981
492131
492183
492321
492366
492382
492413
492550
492692
493196
493227
493375
493376
493483
493504
493509
493683
493699
493728
493797
493812
493843
493846
493932
493991
494041
494056
494089
494194
494217
494222
494282
494341
494386
494534
494580
494733
494782
494785
494811
494891
494894
494941
494968
494991
495124
495125
495252
495310
495349
495419
495518
495580
495626
495680
495681
496053
496099
496160
496301
496302
496379
496517
496605
496673
496765
496782
496942
497049
497216
497312
497348
497415
497455
497567
497815
497856
497873
497960
498079
498125
498134
498156
498218
498462
498547
498570
498665
498690
498765
499018
499134
499157
499193
499242
499300
499364
499408
499419
499425
499431
499577
499584
499592
499594
499829
499842
499865
499915
500071
500440
500457
500499
500712
500761
500768
501126
501138
501242
501247
501269
501289
501388
501418
501565
501571
501820
501842
501867
501909
502104
502112
502116
502285
502307
502362
502397
502508
502564
502581
502678
502679
502748
502847
502852
502860
502862
502894
502933
503014
503441
503460
503467
503479
503518
503567
503569
503790
503826
503834
503926
503957
503976
504027
504030
504091
504165
504184
504230
504336
504493
504494
504517
504598
504774
504800
504862
504896
505043
505057
505104
505133
505152
505501
505552
505579
505626
505666
505786
505809
505949
506026
506172
506315
506429
506439
506515
506577
506582
506673
506803
506955
506964
507073
507113
507187
507196
507212
507224
507459
507511
507520
507570
507580
507741
507782
507819
507830
507881
507937
507939
507951
508071
508083
508105
508130
508140
508218
508247
508292
508481
508749
508915
508939
508950
509005
509020
509049
509110
509244
509364
509379
509394
509503
509563
509564
509608
509675
509706
509718
509807
509811
509822
509870
509876
509883
509948
510138
510313
510371
510399
510414
510609
510665
510852
510977
510997
511053
511179
511231
511241
511301
511346
511472
511482
511523
511537
511572
511751
511777
511814
511853
512696
512854
512872
512923
512951
512968
512983
513129
513221
513274
513292
513319
513406
513513
513532
513683
513727
513778
514104
514155
514243
514504
514541
514556
514622
514650
514693
514904
514945
515020
515040
515057
515106
515107
515126
515210
515212
515289
515303
515377
515505
515710
515803
515837
515893
515928
515938
516008
516105
516158
516167
516175
516224
516341
516344
516372
516414
516422
516474
516590
516596
516774
516791
516805
516834
516856
516868
517049
517068
517176
517232
517485
517545
517579
517597
517603
517612
517670
517878
517881
517921
517967
517981
517998
518039
518080
518109
518163
518249
518267
518324
518445
518472
518649
518667
518685
518754
518850
518853
518859
519076
519124
519135
519234
519273
519320
519432
519471
519479
519552
519598
519605
519759
519768
519784
519850
519945
520012
520063
520427
520472
520503
520524
520614
520679
520701
520750
520852
520902
521059
521197
521200
521361
521379
521419
521428
521863
521872
521922
521943
521964
521998
522221
522262
522270
522339
522360
522423
522427
522464
522465
522481
522620
522704
522868
522897
522978
523096
523272
523292
523314
523322
523357
523490
523576
523863
524044
524068
524195
524333
524338
524420
524470
524520
524533
524577
524645
524679
524844
525058
525180
525202
525223
525273
525381
525450
525467
525539
525567
525668
525721
525851
526057
526089
526319
526321
526360
526414
526446
526467
526514
526570
526622
526675
526874
526904
527038
527112
527173
527260
527338
527553
527828
527846
527970
528049
528094
528151
528243
528344
528355
528358
528386
528411
528449
528566
528631
528729
528764
528892
528962
528971
529030
529087
529107
529309
529352
529376
529383
529545
529630
529649
529661
529667
529745
529813
529860
529952
530030
530037
530433
530439
530509
530520
530730
530896
531027
531049
531086
531299
531433
531474
531585
531697
531739
531784
531816
531860
531875
532062
532253
532285
532286
532610
532735
532779
532809
533039
533042
533045
533128
533220
533378
533407
533434
533449
533494
533548
533596
533602
533721
533800
533989
534048
534081
534195
534314
534406
534426
534428
534467
534736
534784
534972
535174
535185
535265
535289
535312
535455
535483
535588
535592
535602
535737
535770
535795
535808
535928
535993
536034
536058
536145
536179
536237
536265
536321
536417
536426
536534
536575
536589
536663
536708
536741
536798
536827
536833
536879
536932
536935
536939
536949
537022
537090
537152
537160
537220
537222
537232
537284
537289
537422
537441
537497
537555
537620
537621
537673
537807
537909
537944
537962
538133
538164
538210
538247
538249
538356
538523
538566
538574
538580
538586
538588
538604
538609
538709
538721
538809
538846
538879
539072
539075
539197
539233
539259
539436
539439
539475
539694
539891
539977
540012
540097
540172
540253
540326
540444
540496
540561
540664
540783
540860
540926
541077
541258
541313
541338
541435
541463
541491
541571
541591
541687
541764
541787
541813
542129
542145
542302
542374
542452
542485
542509
542777
542779
542832
542934
543027
543119
543155
543193
543201
543215
543233
543333
543347
543534
543547
543612
543617
543645
543661
543717
543728
543732
543740
543911
543942
544120
544140
544150
544169
544237
544253
544278
544457
544538
544568
544601
544611
544732
544926
545016
545160
545226
545260
545390
545507
545549
545611
545632
545676
545832
545891
545900
545944
545987
546018
546056
546147
546333
546463
546517
546639
546687
546765
546782
546832
546944
547079
547154
547212
547227
547435
547618
547752
547764
547767
547817
547837
547985
548201
548362
548644
548822
548964
549101
549114
549115
549199
549201
549231
549347
549426
549454
549532
549639
549650
549714
549729
549759
549763
549836
549943
550019
550051
550133
550222
550355
550405
550512
550521
550532
550543
550690
550722
550746
550759
550864
550995
551031
551073
551082
551100
551169
551303
551327
551336
551364
551472
551581
551647
551823
551849
551952
551986
552029
552074
552136
552198
552267
552291
552368
552502
552518
552824
552826
553021
553283
553304
553413
553443
553493
553505
553541
553548
553573
553796
553852
553862
553912
553913
554031
554083
554125
554408
554434
554502
554737
554803
554842
554852
554891
554920
554950
555080
555156
555263
555298
555308
555355
555622
555631
555696
555833
555843
555871
555898
555905
555982
556025
556039
556056
556091
556149
556203
556360
556406
556669
556862
556969
556983
557021
557065
557219
557313
557324
557343
557422
557451
557490
557496
557508
557644
557721
557731
557771
557825
557875
557888
557923
558012
558148
558189
558274
558350
558372
558401
558587
558642
558700
558759
558794
558840
558864
558876
559039
559252
559261
559388
559550
559560
559586
559618
559639
559658
559665
559730
559776
559780
559830
559974
560297
560311
560685
560748
560943
561013
561121
561163
561177
561190
561324
561346
561403
561442
561454
561500
561543
561570
561599
561624
561658
561729
561789
561891
561917
561928
562014
562098
562139
562174
562242
562248
562575
562628
562664
562678
562747
562766
562777
562835
562895
563270
563279
563477
563584
563593
563647
563696
563739
563746
563909
563921
563989
564061
564132
564288
564302
564451
564481
564572
564609
564611
564612
564715
564781
565009
565085
565233
565303
565353
565387
565401
565424
565438
565447
565575
565594
565693
565694
565761
565941
565957
566043
566064
566364
566385
566583
566644
566752
566911
567220
567224
567342
567562
567708
567858
567916
568050
568113
568216
568418
568508
568559
568658
568744
568846
568879
568895
568974
569021
569062
569310
569602
569683
569887
570075
570111
570117
570275
570297
570353
570430
570560
570574
570579
570620
570719
570783
570801
570817
571246
571451
571572
571575
571636
571654
571719
571847
571886
571920
571970
572001
572179
572308
572358
572362
572427
572469
572495
572526
572587
572611
572663
572732
572767
572769
572795
572993
573058
573125
573195
573206
573513
573549
573565
573627
573670
573725
573775
573807
573815
573823
573877
573881
573894
573898
573947
573981
574095
574211
574356
574506
574599
574667
574697
574790
574792
574825
574953
574964
574992
575006
575008
575088
575206
575227
575254
575274
575280
575389
575487
575498
575702
575711
575743
575751
575761
575772
575823
575835
575882
575904
575929
575949
575964
575997
576012
576040
576222
576225
576239
576322
576385
576427
576672
576676
576879
577091
577096
577122
577358
577520
577556
577608
577654
577718
577850
577869
577929
577934
578041
578063
578107
578137
578292
578343
578391
578521
578523
578572
578632
578705
578751
578769
578821
578861
578945
578962
579016
579029
579036
579051
579137
579184
579201
579232
579271
579312
579325
579332
579466
579548
579576
579591
579648
579666
579731
579736
579802
579846
579862
580120
580191
580238
580344
580374
580512
580549
580555
580607
580711
581055
581061
581118
581198
581245
581356
581394
581401
581409
581582
581670
581770
